{
    "15C44BBF-5DB8-4717-B40D-21F0F3D73B85/ExpandedNodes/8E1CB619-5D04-4828-9BC3-21344899394D": "River-Cliff",
    "15C44BBF-5DB8-4717-B40D-21F0F3D73B85/ExpandedNodes/942B2ABC-0CA8-4B0E-A9D6-587250DB8DBC": "Static_Meshes",
    "Camera/Position/X": 15.715771675109863,
    "Camera/Position/Y": 12.699165344238281,
    "Camera/Position/Z": 27.22049903869629,
    "Camera/Rotation/W": 0.9481790065765381,
    "Camera/Rotation/X": -0.18430733680725098,
    "Camera/Rotation/Y": 0.25406381487846375,
    "Camera/Rotation/Z": 0.04938502609729767,
    "Camera/Type": 0,
    "Editor/ValueDraggerStepSize": 10,
    "SnapTypePosiotion/SnapPreset1": 1,
    "SnapTypePosiotion/SnapPreset2": 10,
    "SnapTypePosiotion/SnapPresetSelected": 0,
    "SnapTypeRotation/SnapPreset1": 45,
    "SnapTypeRotation/SnapPreset2": 90,
    "SnapTypeRotation/SnapPresetSelected": 0,
    "export/projectName": "Manu-Horror-game"
}
