{"@class":"BaseSkinController","id":{"uuid":"09C1E94E-C233-4DDB-AA01-F31BD8D63BB5"},"boneInfoCollection":[{"@class":"BoneInfo","index":0,"offset":{"values":[-0.737522304058075,0.6753226518630981,1.5571283995541308e-7,0.0,-1.563828391226707e-7,1.8225765074930678e-7,-1.0000001192092896,0.0,-0.6753227710723877,-0.7375222444534302,2.0068668504791277e-8,0.0,0.09514188766479492,-0.09837626665830612,0.011003917083144188,1.0]}},{"@class":"BoneInfo","index":1,"offset":{"values":[-0.737522304058075,0.6753226518630981,6.838333632686045e-8,0.0,-3.8274009739325268e-8,1.819294652705139e-7,-1.0000001192092896,0.0,-0.6753227710723877,-0.7375222444534302,-5.945082648395328e-8,0.0,0.09514188766479492,-1.0983766317367554,0.011003927327692509,1.0]}},{"@class":"BoneInfo","index":2,"offset":{"values":[-0.7190241813659668,0.6949848532676697,-0.00020543436403386295,0.0,-0.0000036786514101549985,-0.0002992824011016637,-1.0000001192092896,0.0,-0.694985032081604,-0.7190240025520325,0.0002177966816816479,0.0,0.03959178924560547,-2.058389186859131,0.011620198376476765,1.0]}},{"@class":"BoneInfo","index":3,"offset":{"values":[-0.7337449193000794,0.6794158220291138,-0.0035220549907535316,0.0,-0.0012302205432206393,-0.006512304302304983,-0.9999781847000122,0.0,-0.6794241070747376,-0.7337242960929871,0.0056142485700547699,0.0,0.10430765151977539,-3.0194735527038576,0.03025224059820175,1.0000001192092896]}}]}