{"@class":"BaseSkinController","id":{"uuid":"321C6D51-3837-4E6E-A413-73DBD33C8CCF"},"boneInfoCollection":[{"@class":"BoneInfo","index":0,"offset":{"values":[1.0000001192092896,2.220446313948109e-16,2.220446313948109e-16,0.0,2.220446843343701e-16,-1.6292068494294654e-7,-1.0,0.0,-2.220446313948109e-16,1.0,-1.6292068494294654e-7,0.0,0.0,0.0,0.0,1.0]}},{"@class":"BoneInfo","index":1,"offset":{"values":[1.0,2.429443752749227e-16,-2.3083128465976155e-17,0.0,1.0918321898532702e-18,-0.0990409255027771,-0.9950833320617676,0.0,-2.440360948648151e-16,0.9950833320617676,-0.0990409255027771,0.0,-4.636337092023268e-9,-0.7194346785545349,0.04849032685160637,0.9999999403953552]}},{"@class":"BoneInfo","index":2,"offset":{"values":[1.0000001192092896,2.258459564434106e-16,-1.2064156264483766e-17,0.0,-8.162270868816005e-18,-0.017268791794776918,-0.9998509883880615,0.0,-2.260206040492226e-16,0.9998510479927063,-0.01726878434419632,0.0,-4.636337536112478e-9,-0.8259868621826172,-0.01917463354766369,1.0]}},{"@class":"BoneInfo","index":3,"offset":{"values":[1.0000001192092896,1.2666807302437646e-16,5.709624766059114e-17,0.0,7.400537613508786e-18,0.36179518699645998,-0.9322578310966492,0.0,-1.3874444674650763e-16,0.9322577118873596,0.36179518699645998,0.0,-4.636337536112478e-9,-0.8729435801506043,-0.37695083022117617,1.0]}},{"@class":"BoneInfo","index":4,"offset":{"values":[1.0,2.35804152227365e-16,-2.286707716178343e-17,0.0,-7.724213387200785e-18,-0.06401900202035904,-0.9979487061500549,0.0,-2.3678440757535465e-16,0.9979485869407654,-0.06401891261339188,0.0,-4.6363362038448489e-9,-1.0463275909423829,0.06975004822015763,0.9999999403953552]}},{"@class":"BoneInfo","index":5,"offset":{"values":[1.0000001192092896,-7.105428204633949e-15,-2.3841863594498138e-7,0.0,-1.938984723892645e-7,-0.58188796043396,-0.8132691383361816,0.0,-1.3873287230126153e-7,0.8132689595222473,-0.5818878412246704,0.0,1.574769328271941e-7,-0.9598956108093262,0.6799523234367371,1.0]}},{"@class":"BoneInfo","index":6,"offset":{"values":[1.0000001192092896,-9.193032382700476e-15,4.217967934563166e-14,0.0,2.853115286345284e-14,-2.8212994607201838e-7,-1.0,0.0,-1.5294570849594463e-16,0.9999998211860657,-3.4173456242569957e-7,0.0,-4.6363539674132429e-9,-1.2356826066970826,-0.048048242926597598,1.0]}},{"@class":"BoneInfo","index":7,"offset":{"values":[0.9762453436851502,0.2143068164587021,0.03191996365785599,0.0,-0.09954547882080078,0.31276366114616396,0.9446021914482117,0.0,0.1924508512020111,-0.9253386855125427,0.32666656374931338,0.0,-0.28835758566856387,1.1741180419921876,-0.4539054036140442,1.0]}},{"@class":"BoneInfo","index":8,"offset":{"values":[0.9589666128158569,0.27912476658821108,0.04973756894469261,0.0,-0.11688489466905594,0.22938042879104615,0.966295063495636,0.0,0.25830742716789248,-0.932455837726593,0.2525929808616638,0.0,-0.36711597442626955,1.1139678955078126,-0.3653438985347748,1.0]}},{"@class":"BoneInfo","index":9,"offset":{"values":[0.9665359258651733,0.24473239481449128,0.07691287249326706,0.0,-0.1121375635266304,0.13339939713478089,0.9846994280815125,0.0,0.2307272106409073,-0.9603700041770935,0.1563786417245865,0.0,-0.335552453994751,1.1025983095169068,-0.25541403889656069,1.0]}},{"@class":"BoneInfo","index":10,"offset":{"values":[0.9663704037666321,0.2474992275238037,0.06980957090854645,0.0,-0.11239539086818695,0.16233769059181214,0.9803146719932556,0.0,0.2312939465045929,-0.9551911950111389,0.1846957504749298,0.0,-0.33616402745246889,1.0530651807785035,-0.28668326139450076,0.9999999403953552]}},{"@class":"BoneInfo","index":11,"offset":{"values":[0.9762453436851502,-0.2143068164587021,-0.03191996365785599,0.0,0.09954547882080078,0.31276366114616396,0.9446021914482117,0.0,-0.1924508512020111,-0.9253386855125427,0.32666656374931338,0.0,0.28835758566856387,1.1741180419921876,-0.4539054036140442,1.0]}},{"@class":"BoneInfo","index":12,"offset":{"values":[0.9589666128158569,-0.27912476658821108,-0.04973756894469261,0.0,0.11688489466905594,0.22938042879104615,0.966295063495636,0.0,-0.25830742716789248,-0.932455837726593,0.2525929808616638,0.0,0.36711597442626955,1.1139678955078126,-0.3653438985347748,1.0]}},{"@class":"BoneInfo","index":13,"offset":{"values":[0.9665359258651733,-0.24473239481449128,-0.07691287249326706,0.0,0.1121375635266304,0.13339939713478089,0.9846994280815125,0.0,-0.2307272106409073,-0.9603700041770935,0.1563786417245865,0.0,0.335552453994751,1.1025983095169068,-0.25541403889656069,1.0]}},{"@class":"BoneInfo","index":14,"offset":{"values":[0.9663704037666321,-0.2474992275238037,-0.06980957090854645,0.0,0.11239539086818695,0.16233769059181214,0.9803146719932556,0.0,-0.2312939465045929,-0.9551911950111389,0.1846957504749298,0.0,0.33616402745246889,1.0530651807785035,-0.28668326139450076,0.9999999403953552]}},{"@class":"BoneInfo","index":15,"offset":{"values":[0.9999523162841797,2.864375403532904e-14,0.00976785272359848,0.0,-2.600531789909155e-9,-1.0000001192092896,2.6622399218467765e-7,0.0,0.009767850860953331,-3.2584136988589309e-7,-0.9999521374702454,0.0,-0.04433765262365341,-0.10540638118982315,1.294847846031189,1.0]}},{"@class":"BoneInfo","index":16,"offset":{"values":[0.9999523162841797,2.864375403532904e-14,-0.00976785272359848,0.0,2.6005890774172259e-9,-1.0000001192092896,2.6622399218467765e-7,0.0,-0.009767850860953331,-3.2584136988589309e-7,-0.9999521374702454,0.0,0.04433765262365341,-0.10540638118982315,1.294847846031189,1.0]}},{"@class":"BoneInfo","index":17,"offset":{"values":[0.06764126569032669,0.9809033870697022,-0.18235547840595246,0.0,0.9933874607086182,-0.08320832997560501,-0.07910574972629547,0.0,-0.09276856482028961,-0.17579884827136994,-0.9800453782081604,0.0,0.10795823484659195,0.18198321759700776,1.1368907690048218,1.0000001192092896]}},{"@class":"BoneInfo","index":18,"offset":{"values":[0.016651306301355363,0.99592125415802,-0.08867520838975907,0.0,0.9569918513298035,0.009816104546189309,0.28994813561439516,0.0,0.2896360158920288,-0.0896894782781601,-0.9529251456260681,0.0,-0.3216114342212677,-0.01802835799753666,1.0986123085021973,1.0]}},{"@class":"BoneInfo","index":19,"offset":{"values":[0.11618538200855255,0.993156909942627,0.011837061494588852,0.0,0.9657676219940186,-0.11574814468622208,0.2321532964706421,0.0,0.23193489015102387,-0.015540980733931065,-0.9726070165634155,0.0,-0.287698894739151,-0.2915874421596527,1.0890076160430909,1.0]}},{"@class":"BoneInfo","index":20,"offset":{"values":[0.05407198891043663,0.9983201026916504,0.020816504955291749,0.0,0.9983745217323303,-0.054427530616521838,0.016908900812268258,0.0,0.01801350526511669,0.019868353381752969,-0.9996402859687805,0.0,-0.01600627414882183,-0.529160737991333,1.107903003692627,1.0000001192092896]}},{"@class":"BoneInfo","index":21,"offset":{"values":[0.5422500967979431,0.6361069083213806,-0.5489379167556763,0.0,0.6168039441108704,-0.7450023889541626,-0.2540163993835449,0.0,-0.570541501045227,-0.20084676146507264,-0.7963308691978455,0.0,0.3802943527698517,-0.13939841091632844,1.1590650081634522,1.0]}},{"@class":"BoneInfo","index":22,"offset":{"values":[0.3782927095890045,0.7788816690444946,-0.5002380013465881,0.0,0.7471790313720703,-0.5759313106536865,-0.33170220255851748,0.0,-0.546459436416626,-0.24828684329986573,-0.7998347282409668,0.0,0.4503719210624695,-0.1819564253091812,1.1316450834274293,1.0]}},{"@class":"BoneInfo","index":23,"offset":{"values":[0.321396142244339,0.7827292680740356,-0.5329535603523254,0.0,0.7853347659111023,-0.5347947478294373,-0.31183940172195437,0.0,-0.5291064977645874,-0.318323016166687,-0.7865856289863586,0.0,0.46606314182281496,-0.1291216015815735,1.1369025707244874,1.0000001192092896]}},{"@class":"BoneInfo","index":24,"offset":{"values":[0.32070192694664,0.9420177936553955,-0.09875509887933731,0.0,0.9449285864830017,-0.32538026571273806,-0.03517327830195427,0.0,-0.06526681035757065,-0.08203642815351486,-0.994489848613739,0.0,-0.06215929239988327,-0.4679337441921234,1.1638188362121583,1.0]}},{"@class":"BoneInfo","index":25,"offset":{"values":[0.26254698634147646,0.9364074468612671,-0.2328309565782547,0.0,0.9606627225875855,-0.27630436420440676,-0.027978824451565744,0.0,-0.09053178131580353,-0.2163262963294983,-0.9721145629882813,0.0,0.0017463560216128827,-0.3368815779685974,1.219660997390747,1.0]}},{"@class":"BoneInfo","index":26,"offset":{"values":[0.30486905574798586,0.9155030846595764,-0.26250511407852175,0.0,0.9510999917984009,-0.30702582001686098,0.033819761127233508,0.0,-0.04963376373052597,-0.2599792182445526,-0.9643375873565674,0.0,-0.07034105062484741,-0.29678475856781008,1.2334195375442505,1.0]}},{"@class":"BoneInfo","index":27,"offset":{"values":[0.08498038351535797,0.9895443916320801,-0.11653362959623337,0.0,0.9958606362342835,-0.08813799172639847,-0.022206716239452363,0.0,-0.03224554657936096,-0.11416412889957428,-0.9929383993148804,0.0,0.02620905451476574,-0.4453377425670624,1.179071068763733,1.0]}},{"@class":"BoneInfo","index":28,"offset":{"values":[0.085898756980896,0.9636628031730652,-0.252933531999588,0.0,0.9956079721450806,-0.09251204878091812,-0.014347267337143422,0.0,-0.03722529485821724,-0.25059032440185549,-0.967377245426178,0.0,0.031212344765663148,-0.303481787443161,1.2328852415084839,1.0]}},{"@class":"BoneInfo","index":29,"offset":{"values":[0.08310312032699585,0.9679034352302551,-0.23718494176864625,0.0,0.9963956475257874,-0.08476468920707703,0.00320246210321784,0.0,-0.017005199566483499,-0.2365962266921997,-0.9714592695236206,0.0,0.010499655269086361,-0.3436044156551361,1.2283767461776734,1.0]}},{"@class":"BoneInfo","index":30,"offset":{"values":[-0.1046585813164711,0.9896535873413086,-0.09814488887786865,0.0,0.9941779971122742,0.10157032310962677,-0.03596503287553787,0.0,-0.025624291971325876,-0.10133755952119827,-0.9945220351219177,0.0,0.11664199829101563,-0.4534691572189331,1.1698359251022339,1.0]}},{"@class":"BoneInfo","index":31,"offset":{"values":[-0.12008241564035416,0.9629552960395813,-0.24144849181175233,0.0,0.9925525188446045,0.11143109947443009,-0.04922322556376457,0.0,-0.020494874566793443,-0.24556110799312592,-0.9691644906997681,0.0,0.12010809779167175,-0.29964765906333926,1.2270195484161378,1.0]}},{"@class":"BoneInfo","index":32,"offset":{"values":[-0.14522410929203034,0.9495622515678406,-0.2779238224029541,0.0,0.9893794059753418,0.13761132955551148,-0.04681564122438431,0.0,-0.00620887940749526,-0.281770795583725,-0.9594617486000061,0.0,0.11972345411777497,-0.27192729711532595,1.2388896942138672,0.9999999403953552]}},{"@class":"BoneInfo","index":33,"offset":{"values":[-0.33722248673439028,0.9314121007919312,-0.1369396448135376,0.0,0.941331148147583,0.3315484821796417,-0.06301864981651306,0.0,-0.013294176198542118,-0.1501568704843521,-0.9885727167129517,0.0,0.22461001574993134,-0.3608218729496002,1.1809362173080445,1.0]}},{"@class":"BoneInfo","index":34,"offset":{"values":[-0.374955952167511,0.9077194333076477,-0.18828995525836945,0.0,0.9268662333488464,0.36310985684394839,-0.09523694217205048,0.0,-0.018078463152050973,-0.21022926270961762,-0.9774848222732544,0.0,0.2521974444389343,-0.301420658826828,1.1987653970718384,0.9999998807907105]}},{"@class":"BoneInfo","index":35,"offset":{"values":[-0.3655353784561157,0.9207642078399658,-0.13629736006259919,0.0,0.9295991063117981,0.3537023365497589,-0.10363344848155976,0.0,-0.04721323773264885,-0.16458359360694886,-0.9852325320243836,0.0,0.2788110673427582,-0.37570858001708987,1.1757087707519532,0.9999998807907105]}},{"@class":"BoneInfo","index":36,"offset":{"values":[0.0676412582397461,-0.9809033870697022,0.18235544860363007,0.0,-0.9933875799179077,-0.08320843428373337,-0.07910572737455368,0.0,0.09276862442493439,-0.17579881846904756,-0.9800453782081604,0.0,-0.10795829445123673,0.18198318779468537,1.1368906497955323,1.0]}},{"@class":"BoneInfo","index":37,"offset":{"values":[0.01665131188929081,-0.9959214925765991,0.08867523819208145,0.0,-0.9569922089576721,0.009816005825996399,0.28994831442832949,0.0,-0.2896360754966736,-0.08968953788280487,-0.9529253840446472,0.0,0.321611613035202,-0.018028324469923974,1.098612666130066,1.0]}},{"@class":"BoneInfo","index":38,"offset":{"values":[0.11618538200855255,-0.993156909942627,-0.011837063357234002,0.0,-0.9657677412033081,-0.11574827879667282,0.23215346038341523,0.0,-0.23193491995334626,-0.015540995635092259,-0.9726071357727051,0.0,0.2876988351345062,-0.2915874421596527,1.08900785446167,1.0]}},{"@class":"BoneInfo","index":39,"offset":{"values":[0.05407198518514633,-0.9983201622962952,-0.02081652171909809,0.0,-0.9983746409416199,-0.0544276237487793,0.016909023746848108,0.0,-0.01801350899040699,0.01986835151910782,-0.9996403455734253,0.0,0.01600627414882183,-0.5291607975959778,1.1079031229019166,1.0]}},{"@class":"BoneInfo","index":40,"offset":{"values":[0.5422501564025879,-0.6361070275306702,0.5489377379417419,0.0,-0.6168040037155151,-0.7450025081634522,-0.25401628017425539,0.0,0.5705415606498718,-0.2008466124534607,-0.7963310480117798,0.0,-0.3802945017814636,-0.13939861953258515,1.1590651273727418,1.0]}},{"@class":"BoneInfo","index":41,"offset":{"values":[0.3782927393913269,-0.7788816690444946,0.5002379417419434,0.0,-0.7471792101860046,-0.5759314894676209,-0.3317021131515503,0.0,0.5464595556259155,-0.2482869178056717,-0.7998347878456116,0.0,-0.4503720998764038,-0.18195629119873048,1.13164484500885,1.0]}},{"@class":"BoneInfo","index":42,"offset":{"values":[0.3213963806629181,-0.7827293872833252,0.5329535007476807,0.0,-0.7853350043296814,-0.5347949266433716,-0.31183922290802,0.0,0.5291065573692322,-0.318323016166687,-0.7865856885910034,0.0,-0.4660629332065582,-0.12912185490131379,1.1369028091430665,1.0]}},{"@class":"BoneInfo","index":43,"offset":{"values":[0.3207019567489624,-0.9420179724693298,0.09875506162643433,0.0,-0.9449289441108704,-0.32538044452667239,-0.0351732037961483,0.0,0.06526682525873184,-0.08203640580177307,-0.9944901466369629,0.0,0.06215926259756088,-0.46793392300605776,1.1638191938400269,1.0]}},{"@class":"BoneInfo","index":44,"offset":{"values":[0.26254701614379885,-0.9364075660705566,0.2328309565782547,0.0,-0.9606630206108093,-0.2763045132160187,-0.02797875739634037,0.0,0.09053181111812592,-0.21632631123065949,-0.9721148610115051,0.0,-0.0017463569529354573,-0.336881548166275,1.2196613550186158,1.0000001192092896]}},{"@class":"BoneInfo","index":45,"offset":{"values":[0.30486902594566347,-0.9155029058456421,0.26250511407852175,0.0,-0.9511001110076904,-0.3070259094238281,0.03381988778710365,0.0,0.049633752554655078,-0.2599793076515198,-0.9643377065658569,0.0,0.07034105807542801,-0.2967846095561981,1.23341965675354,1.0]}},{"@class":"BoneInfo","index":46,"offset":{"values":[0.08498042076826096,-0.9895444512367249,0.11653361469507218,0.0,-0.995860755443573,-0.08813811838626862,-0.022206611931324006,0.0,0.03224555030465126,-0.11416413635015488,-0.9929385185241699,0.0,-0.026209045201539995,-0.44533783197402956,1.179071307182312,1.0]}},{"@class":"BoneInfo","index":47,"offset":{"values":[0.085898756980896,-0.9636626839637756,0.2529335021972656,0.0,-0.9956079721450806,-0.0925121158361435,-0.014347151853144169,0.0,0.03722529858350754,-0.25059032440185549,-0.9673771262168884,0.0,-0.031212348490953447,-0.303481787443161,1.2328852415084839,1.0]}},{"@class":"BoneInfo","index":48,"offset":{"values":[0.08310315012931824,-0.9679034352302551,0.23718492686748506,0.0,-0.9963957667350769,-0.084764763712883,0.0032025855034589769,0.0,0.017005205154418947,-0.2365962564945221,-0.9714592695236206,0.0,-0.010499648749828339,-0.3436044156551361,1.2283767461776734,1.0]}},{"@class":"BoneInfo","index":49,"offset":{"values":[-0.1046585887670517,-0.9896536469459534,0.09814491868019104,0.0,-0.9941781759262085,0.101570263504982,-0.035964950919151309,0.0,0.025624288246035577,-0.10133759677410126,-0.9945221543312073,0.0,-0.11664202064275742,-0.45346909761428835,1.169836163520813,1.0]}},{"@class":"BoneInfo","index":50,"offset":{"values":[-0.12008244544267655,-0.9629554748535156,0.2414485514163971,0.0,-0.9925528168678284,0.1114310771226883,-0.0492231510579586,0.0,0.020494874566793443,-0.24556119740009309,-0.9691647291183472,0.0,-0.12010814994573593,-0.2996476888656616,1.2270199060440064,1.0]}},{"@class":"BoneInfo","index":51,"offset":{"values":[-0.14522413909435273,-0.9495623111724854,0.2779238820075989,0.0,-0.9893795847892761,0.13761132955551148,-0.046815551817417148,0.0,0.0062088742852211,-0.28177088499069216,-0.9594619274139404,0.0,-0.11972347646951676,-0.2719274163246155,1.2388898134231568,1.0]}},{"@class":"BoneInfo","index":52,"offset":{"values":[-0.3372223973274231,-0.9314122200012207,0.13693968951702119,0.0,-0.9413312673568726,0.3315483629703522,-0.06301857531070709,0.0,0.013294183649122715,-0.1501569002866745,-0.9885728359222412,0.0,-0.22461000084877015,-0.3608219027519226,1.1809364557266236,1.0]}},{"@class":"BoneInfo","index":53,"offset":{"values":[-0.37495607137680056,-0.9077195525169373,0.18828999996185304,0.0,-0.926866352558136,0.36310991644859316,-0.0952368751168251,0.0,0.018078438937664033,-0.21022929251194,-0.9774848818778992,0.0,-0.2521975338459015,-0.3014206290245056,1.198765516281128,1.0]}},{"@class":"BoneInfo","index":54,"offset":{"values":[-0.36553552746772768,-0.9207643270492554,0.13629737496376038,0.0,-0.929599404335022,0.35370245575904848,-0.10363341122865677,0.0,0.04721326753497124,-0.16458362340927125,-0.9852327704429627,0.0,-0.27881115674972536,-0.3757086992263794,1.1757088899612427,1.0]}},{"@class":"BoneInfo","index":55,"offset":{"values":[-0.9999924898147583,-0.001907823607325554,0.0033816369250416757,0.0,-0.0033346423879265787,-0.02421504259109497,-0.9996958374977112,0.0,0.0019891541451215746,-0.9997048377990723,0.024207690730690957,0.0,0.08749411255121231,0.7806429862976074,-0.027217060327529908,1.0]}},{"@class":"BoneInfo","index":56,"offset":{"values":[-0.9996379017829895,-0.026907620951533319,0.0001243713777512312,0.0,-0.0037311259657144548,0.1340259611606598,-0.9909653663635254,0.0,0.026648005470633508,-0.9906120896339417,-0.1340794563293457,0.0,0.07773219048976898,0.3953332304954529,0.035639625042676929,1.0]}},{"@class":"BoneInfo","index":57,"offset":{"values":[-0.9843214154243469,0.17042522132396699,0.04546228423714638,0.0,-0.1759762018918991,-0.9313437938690186,-0.31877896189689639,0.0,-0.01198716089129448,-0.3217836618423462,0.9467368721961975,0.0,0.08345330506563187,0.029421277344226838,-0.03948534280061722,1.0]}},{"@class":"BoneInfo","index":58,"offset":{"values":[-0.9945444464683533,0.10223323106765747,-0.020739905536174775,0.0,-0.10216918587684632,-0.9947532415390015,-0.004109672736376524,0.0,-0.021051423624157907,-0.0019692627247422935,0.9997761845588684,0.0,0.08833618462085724,-0.05998339504003525,-0.01839650608599186,1.0000001192092896]}},{"@class":"BoneInfo","index":59,"offset":{"values":[-0.9999924898147583,0.001907823607325554,-0.0033816369250416757,0.0,0.0033346423879265787,-0.02421504259109497,-0.9996958374977112,0.0,-0.0019891541451215746,-0.9997048377990723,0.024207690730690957,0.0,-0.08749411255121231,0.7806429862976074,-0.027217060327529908,1.0]}},{"@class":"BoneInfo","index":60,"offset":{"values":[-0.9996379017829895,0.026907620951533319,-0.0001243713777512312,0.0,0.0037311259657144548,0.1340259611606598,-0.9909653663635254,0.0,-0.026648005470633508,-0.9906120896339417,-0.1340794563293457,0.0,-0.07773219048976898,0.3953332304954529,0.035639625042676929,1.0]}},{"@class":"BoneInfo","index":61,"offset":{"values":[-0.9843214154243469,-0.17042522132396699,-0.04546228423714638,0.0,0.1759762018918991,-0.9313437938690186,-0.31877896189689639,0.0,0.01198716089129448,-0.3217836618423462,0.9467368721961975,0.0,-0.08345330506563187,0.029421277344226838,-0.03948534280061722,1.0]}},{"@class":"BoneInfo","index":62,"offset":{"values":[-0.9945444464683533,-0.10223323106765747,0.020739905536174775,0.0,0.10216918587684632,-0.9947532415390015,-0.004109672736376524,0.0,0.021051423624157907,-0.0019692627247422935,0.9997761845588684,0.0,-0.08833618462085724,-0.05998339504003525,-0.01839650608599186,1.0000001192092896]}}]}