{"@class":"BaseSkinController","id":{"uuid":"4352B06B-DF8E-4A3B-8FA6-E72597413A95"},"boneInfoCollection":[{"@class":"BoneInfo","index":0,"offset":{"values":[1.0,0.0,0.0,0.0,0.0,-1.6292068494294654e-7,-1.0,0.0,0.0,1.0,-1.6292068494294654e-7,0.0,0.0,0.0,-0.15073171257972718,1.0]}},{"@class":"BoneInfo","index":1,"offset":{"values":[0.9999989867210388,-0.0013646500883623958,0.0005369032733142376,0.0,-0.00003981288682552986,-0.39124825596809389,-0.9202852845191956,0.0,0.0014659299049526454,0.9202842712402344,-0.3912479281425476,0.0,-0.0023104415740817787,-1.1879841089248658,0.45524612069129946,1.0]}},{"@class":"BoneInfo","index":2,"offset":{"values":[-1.0,-1.0104203029825954e-9,6.501604730146937e-7,0.0,6.312136520136846e-7,-0.2405935525894165,0.9706259965896606,0.0,1.5559228927486402e-7,0.9706259965896606,0.2405935674905777,0.0,-1.3593101755304816e-7,-1.5669397115707398,-0.2097824215888977,1.0]}},{"@class":"BoneInfo","index":3,"offset":{"values":[-1.0,-0.00003694599945447408,8.066856338473372e-8,0.0,0.000020690731616923587,-0.5582164525985718,0.829695463180542,0.0,-0.000030608862289227548,0.8296955227851868,0.5582164525985718,0.0,0.00006264197872951627,-1.6973645687103272,-0.8414192795753479,1.0]}},{"@class":"BoneInfo","index":4,"offset":{"values":[-1.0,0.00009614857845008373,0.00013986749399919063,0.0,0.00009651261643739417,-0.35575002431869509,0.9345813393592835,0.0,0.0001396165753249079,0.9345813989639282,0.35575002431869509,0.0,-0.0002908876340370625,-2.363356828689575,-0.31420621275901797,1.0]}},{"@class":"BoneInfo","index":5,"offset":{"values":[-1.0,2.2672570487713985e-9,0.0000013691948197447346,0.0,2.2874056071486849e-7,-0.9856560826301575,0.16876666247844697,0.0,0.0000013499793567461894,0.16876660287380219,0.985656201839447,0.0,-0.000003250235295126913,-1.035085916519165,-2.371401071548462,1.0]}},{"@class":"BoneInfo","index":6,"offset":{"values":[-1.0,1.0476983725027367e-8,0.0000010758179769254639,0.0,-7.024591468507424e-7,-0.7638229131698608,-0.6454261541366577,0.0,8.150125268002739e-7,-0.6454260945320129,0.7638228535652161,0.0,-0.000002472695541655412,1.0465600490570069,-2.3070998191833498,1.0]}},{"@class":"BoneInfo","index":7,"offset":{"values":[-0.0471697635948658,0.895200788974762,0.44315972924232485,0.0,-0.9984697103500366,-0.05508051812648773,0.004988080821931362,0.0,0.028874756768345834,-0.4422461688518524,0.8964288830757141,0.0,-0.6132811307907105,0.9961265921592712,-2.0774497985839845,1.0]}},{"@class":"BoneInfo","index":8,"offset":{"values":[0.9561408758163452,0.2929058074951172,-0.0008139312267303467,0.0,-0.23164941370487214,0.7578751444816589,0.6098887324333191,0.0,0.17925678193569184,-0.5829508900642395,0.7924866080284119,0.0,-0.803691565990448,1.609273910522461,-1.3780860900878907,1.0]}},{"@class":"BoneInfo","index":9,"offset":{"values":[-0.9552751779556274,0.29571816325187685,2.9057270012344818e-7,0.0,-0.2598097026348114,-0.8392768502235413,-0.4776124656200409,0.0,-0.14123834669589997,-0.4562513828277588,0.8785708546638489,0.0,0.8256552815437317,0.7051478028297424,-1.3319933414459229,1.0]}},{"@class":"BoneInfo","index":10,"offset":{"values":[-0.9493539929389954,0.3142089247703552,-1.7881397695873603e-7,0.0,-0.03422889485955238,-0.10341959446668625,-0.9940488338470459,0.0,-0.3123388886451721,-0.9437040090560913,0.10893678665161133,0.0,1.1565309762954713,0.8101704716682434,-0.7043759822845459,1.0]}},{"@class":"BoneInfo","index":11,"offset":{"values":[1.0,1.1498247687313779e-7,1.7481546876751964e-7,0.0,-1.296473506329221e-8,0.542715847492218,0.8399167656898499,0.0,-4.075552695326223e-8,-0.8399168252944946,0.5427155494689941,0.0,-0.9311246275901794,1.117423415184021,-0.0009015643154270947,1.0]}},{"@class":"BoneInfo","index":12,"offset":{"values":[1.0000001192092896,2.1751844769823948e-7,4.7289468341205068e-8,0.0,-2.9153140346238616e-8,0.9184131026268005,0.39562395215034487,0.0,1.2558277973084842e-8,-0.3956241011619568,0.9184129238128662,0.0,-0.9311249256134033,0.793485164642334,-0.5328072905540466,1.0]}},{"@class":"BoneInfo","index":13,"offset":{"values":[-0.00297068920917809,-0.556670069694519,0.8307283520698547,0.0,-0.9999630451202393,-0.005065064877271652,-0.006969878450036049,0.0,0.008087596856057644,-0.8307182192802429,-0.5566343665122986,0.0,-0.584008514881134,1.4655288457870484,-0.035286255180835727,1.0]}},{"@class":"BoneInfo","index":14,"offset":{"values":[0.1405704915523529,0.14735068380832673,-0.9790443181991577,0.0,0.8103401064872742,0.5510320067405701,0.19928082823753358,0.0,0.5688489079475403,-0.8213719725608826,-0.04194548726081848,0.0,-0.2248411327600479,1.0624549388885499,0.875991702079773,0.9999999403953552]}},{"@class":"BoneInfo","index":15,"offset":{"values":[-0.0471697673201561,-0.8952008485794067,-0.44315969944000246,0.0,0.9984696507453919,-0.055080607533454898,0.00498796533793211,0.0,-0.02887481078505516,-0.4422462582588196,0.8964289426803589,0.0,0.61328125,0.9961268305778503,-2.0774497985839845,1.0]}},{"@class":"BoneInfo","index":16,"offset":{"values":[0.9561409950256348,-0.2929057776927948,-0.001017749891616404,0.0,0.23281753063201905,0.7578750848770142,0.6094439029693604,0.0,-0.17773817479610444,-0.5829513669013977,0.7928288578987122,0.0,0.8010498881340027,1.6092746257781983,-1.3796234130859376,1.0000001192092896]}},{"@class":"BoneInfo","index":17,"offset":{"values":[-0.955275297164917,-0.2957184314727783,-3.576280960260192e-7,0.0,0.2598097324371338,-0.8392767906188965,-0.47761252522468569,0.0,0.14123842120170594,-0.4562515318393707,0.8785709142684937,0.0,-0.825655460357666,0.7051475644111633,-1.331993579864502,0.9999999403953552]}},{"@class":"BoneInfo","index":18,"offset":{"values":[-0.9493540525436401,-0.3142089545726776,1.4901164746561336e-8,0.0,0.034228965640068057,-0.10341944545507431,-0.9940485954284668,0.0,0.3123389482498169,-0.9437040686607361,0.10893688350915909,0.0,-1.1565309762954713,0.8101702332496643,-0.7043761610984802,1.0]}},{"@class":"BoneInfo","index":19,"offset":{"values":[1.0000001192092896,-2.7765649335265153e-8,1.4098834988374165e-8,0.0,-4.7866823393860616e-8,0.5427157878875732,0.8399165868759155,0.0,3.14509236432059e-8,-0.839917004108429,0.5427155494689941,0.0,0.9311246871948242,1.1174236536026,-0.0009013882954604924,0.9999998807907105]}},{"@class":"BoneInfo","index":20,"offset":{"values":[1.0000001192092896,-4.3003289817988846e-8,2.869395032689681e-8,0.0,-1.529578419479094e-8,0.9184128046035767,0.395624041557312,0.0,6.588957823794317e-9,-0.3956245183944702,0.9184128046035767,0.0,0.9311249256134033,0.7934854030609131,-0.5328069925308228,1.0]}},{"@class":"BoneInfo","index":21,"offset":{"values":[-0.0029706270433962347,0.5566701292991638,-0.8307284712791443,0.0,0.9999629259109497,-0.005064970813691616,-0.006969905924052,0.0,-0.008087610825896263,-0.8307183980941773,-0.5566346645355225,0.0,0.5840086340904236,1.465528964996338,-0.03528608754277229,1.0]}},{"@class":"BoneInfo","index":22,"offset":{"values":[0.14057034254074098,-0.1473507434129715,0.9790444374084473,0.0,-0.8103399872779846,0.551031768321991,0.19928079843521119,0.0,-0.5688489079475403,-0.8213719129562378,-0.04194541275501251,0.0,0.22484110295772553,1.0624547004699708,0.8759915828704834,1.0]}},{"@class":"BoneInfo","index":23,"offset":{"values":[-0.39174985885620119,0.7253507971763611,-0.5660367012023926,0.0,-0.8702270984649658,-0.4918535053730011,-0.028010813519358636,0.0,-0.298724889755249,0.4816072881221771,0.8239038586616516,0.0,0.34639549255371096,-0.6468759775161743,-1.0394208431243897,1.0]}},{"@class":"BoneInfo","index":24,"offset":{"values":[-0.06764493882656098,0.14935527741909028,0.9864668846130371,0.0,-0.9165468811988831,-0.39992067217826846,-0.0023004079703241588,0.0,0.3941648602485657,-0.9042989015579224,0.16394370794296266,0.0,-0.6626269221305847,1.155517816543579,-0.3870675265789032,1.0000001192092896]}},{"@class":"BoneInfo","index":25,"offset":{"values":[0.9971365928649902,0.07561806589365006,4.079189466210664e-7,0.0,-0.03160955011844635,0.41681739687919619,0.9084402322769165,0.0,0.06869430094957352,-0.9058390259742737,0.41801440715789797,0.0,-0.33225634694099429,0.8245267868041992,0.07906400412321091,1.0]}},{"@class":"BoneInfo","index":26,"offset":{"values":[-0.9999995231628418,-1.6166154637176079e-7,3.9824769260121686e-7,0.0,-4.2307928538320996e-7,-0.6943689584732056,-0.7196187973022461,0.0,4.190030722384108e-7,-0.7196188569068909,0.694368839263916,0.0,0.31708216667175295,0.003644336014986038,-0.22686399519443513,1.0]}},{"@class":"BoneInfo","index":27,"offset":{"values":[-0.9999996423721314,-2.4855654601196877e-7,0.000004625408564606914,0.0,-4.4149601308163258e-7,-0.9955422878265381,-0.09431473910808563,0.0,0.000004660225386032835,-0.0943148285150528,0.9955422282218933,0.0,0.3170819580554962,-0.27050623297691347,-0.06689973920583725,1.0]}},{"@class":"BoneInfo","index":28,"offset":{"values":[-0.39174994826316836,-0.7253513336181641,0.5660368204116821,0.0,0.8702273368835449,-0.4918537437915802,-0.028010744601488115,0.0,0.298724889755249,0.4816073477268219,0.8239040374755859,0.0,-0.34639549255371096,-0.6468760371208191,-1.0394212007522584,1.0000001192092896]}},{"@class":"BoneInfo","index":29,"offset":{"values":[-0.06764466315507889,-0.14935548603534699,-0.9864671230316162,0.0,0.9165468811988831,-0.39992082118988039,-0.0023002857342362406,0.0,-0.3941650390625,-0.9042987823486328,0.16394370794296266,0.0,0.6626270413398743,1.1555172204971314,-0.3870674967765808,1.0]}},{"@class":"BoneInfo","index":30,"offset":{"values":[0.9971369504928589,-0.07561802119016648,3.427267358802055e-7,0.0,0.031609151512384418,0.41681766510009768,0.9084404110908508,0.0,-0.06869452446699143,-0.9058393239974976,0.4180145859718323,0.0,0.33225640654563906,0.8245271444320679,0.07906423509120941,1.0]}},{"@class":"BoneInfo","index":31,"offset":{"values":[-1.0000003576278687,-6.297725718695801e-8,8.712494263818371e-7,0.0,-6.088604891374416e-7,-0.6943691372871399,-0.7196192145347595,0.0,5.942363827671215e-7,-0.7196191549301148,0.6943691968917847,0.0,-0.3170827329158783,0.0036444771103560926,-0.22686389088630677,1.0]}},{"@class":"BoneInfo","index":32,"offset":{"values":[-1.000000238418579,-3.001566639682096e-8,0.0000056895564739534169,0.0,-5.314436180015036e-7,-0.9955425262451172,-0.09431466460227967,0.0,0.000005609675099549349,-0.09431454539299011,0.9955425262451172,0.0,-0.31708288192749026,-0.2705063223838806,-0.06689658015966416,1.0]}}]}