{"@class":"BaseSkinController","id":{"uuid":"4425D45C-00AF-4395-91AA-24B918F9C63C"},"boneInfoCollection":[{"@class":"BoneInfo","index":0,"offset":{"values":[1.0000001192092896,-2.413048427740705e-8,2.493665078873164e-7,0.0,-2.8934561413507255e-8,-0.9998140931129456,0.01928846724331379,0.0,2.487282415586378e-7,-0.01928846538066864,-0.9998599886894226,0.0,2.0219282248490346e-8,1.0135934352874756,0.0037282914854586126,1.0]}},{"@class":"BoneInfo","index":1,"offset":{"values":[1.0000001192092896,-1.3021174360972055e-8,4.942433520227496e-7,0.0,1.253263093303758e-7,0.9736804962158203,-0.2279176414012909,0.0,-4.784263865076355e-7,0.22792720794677735,0.9737280607223511,0.0,-1.1917223474711136e-7,-0.991968035697937,0.20829080045223237,1.0]}},{"@class":"BoneInfo","index":2,"offset":{"values":[1.0000001192092896,-1.9976262422005676e-8,-2.206831624107508e-7,0.0,5.0108543092619587e-8,0.9905164241790772,0.1373944878578186,0.0,2.1572033404027025e-7,-0.1374026983976364,0.9905642867088318,0.0,-7.032415538787973e-8,-1.1236950159072877,-0.20974138379096986,1.0]}},{"@class":"BoneInfo","index":3,"offset":{"values":[1.0000001192092896,-3.2558535423277138e-8,-2.1928988758190827e-7,0.0,6.268657415375856e-8,0.9903175234794617,0.13882191479206086,0.0,2.1252127169191227e-7,-0.13883019983768464,0.9903653860092163,0.0,-8.640918025548672e-8,-1.2701879739761353,-0.21157224476337434,1.0]}},{"@class":"BoneInfo","index":4,"offset":{"values":[-0.20705953240394593,0.9700738787651062,-0.12681962549686433,0.0,-0.9674385786056519,-0.18373949825763703,0.1740768849849701,0.0,0.14557424187660218,0.15874244272708894,0.9765788316726685,0.0,1.3302583694458008,0.21945488452911378,-0.23666135966777802,1.0]}},{"@class":"BoneInfo","index":5,"offset":{"values":[-0.052609968930482867,0.9970563650131226,0.05578025430440903,0.0,-0.9924968481063843,-0.04603198915719986,-0.11327720433473587,0.0,-0.11037979274988175,-0.06132413446903229,0.9920449256896973,0.0,1.3460688591003419,-0.08921292424201966,0.1217382550239563,1.0000001192092896]}},{"@class":"BoneInfo","index":6,"offset":{"values":[-0.03436731919646263,0.9978191256523132,-0.05635687708854675,0.0,-0.9555198550224304,-0.04933313652873039,-0.290772408246994,0.0,-0.29293113946914675,0.043859269469976428,0.9551779627799988,0.0,1.2902755737304688,-0.3502991795539856,0.40537938475608828,0.9999999403953552]}},{"@class":"BoneInfo","index":7,"offset":{"values":[-0.03697199374437332,0.9920530319213867,-0.12026698887348175,0.0,0.20293891429901124,-0.11038773506879807,-0.9729496836662293,0.0,-0.9785411357879639,-0.0603814423084259,-0.19725286960601808,0.0,-0.22842629253864289,-0.4956672191619873,1.367402195930481,1.0000001192092896]}},{"@class":"BoneInfo","index":8,"offset":{"values":[-0.42468613386154177,0.5842272043228149,-0.691606879234314,0.0,-0.811061680316925,-0.5849478244781494,0.00390968844294548,0.0,-0.4022880494594574,0.562624454498291,0.7222985625267029,0.0,1.3579118251800538,0.35731038451194765,0.44026002287864687,1.0]}},{"@class":"BoneInfo","index":9,"offset":{"values":[-0.4422679543495178,0.6365402936935425,-0.631834864616394,0.0,-0.8408724069595337,-0.5393404960632324,0.045231178402900699,0.0,-0.3119964599609375,0.5513242483139038,0.7738199234008789,0.0,1.4040770530700684,0.22474144399166108,0.3430754840373993,1.0]}},{"@class":"BoneInfo","index":10,"offset":{"values":[-0.37044134736061098,0.6445212364196777,-0.6688539981842041,0.0,-0.8476739525794983,-0.5289880633354187,-0.04026394337415695,0.0,-0.37978366017341616,0.5520821809768677,0.7423388957977295,0.0,1.3657978773117066,0.16998346149921418,0.4801146388053894,1.0]}},{"@class":"BoneInfo","index":11,"offset":{"values":[-0.32825443148612978,0.92822265625,0.17507635056972505,0.0,-0.1461908519268036,-0.2330356389284134,0.9614171385765076,0.0,0.9332535266876221,0.29000917077064516,0.2122013419866562,0.0,0.40472090244293215,-0.3977331519126892,-1.3884090185165406,1.0]}},{"@class":"BoneInfo","index":12,"offset":{"values":[-0.30492135882377627,0.927847146987915,0.21476183831691743,0.0,-0.13187094032764436,-0.26446184515953066,0.9553378224372864,0.0,0.9432497620582581,0.2629951238632202,0.2030044049024582,0.0,0.3676829934120178,-0.3884057402610779,-1.4109364748001099,1.0]}},{"@class":"BoneInfo","index":13,"offset":{"values":[-0.3278326988220215,0.9227187633514404,0.20277093350887299,0.0,-0.25353264808654787,-0.2926870882511139,0.9219846725463867,0.0,0.9101253747940064,0.25086021423339846,0.3299061357975006,0.0,0.5441753268241882,-0.37060242891311648,-1.3645086288452149,1.0]}},{"@class":"BoneInfo","index":14,"offset":{"values":[0.06155005097389221,0.9762619733810425,0.2076660543680191,0.0,-0.1321457028388977,-0.19825823605060578,0.9712011814117432,0.0,0.989365816116333,-0.087223581969738,0.11681001633405686,0.0,0.11235938966274262,-0.4679746925830841,-1.4267140626907349,1.0]}},{"@class":"BoneInfo","index":15,"offset":{"values":[0.033140879124403,0.9746721982955933,0.2211717963218689,0.0,-0.19679780304431916,-0.21059709787368775,0.9575595259666443,0.0,0.9799317717552185,-0.07526381313800812,0.1848413050174713,0.0,0.21879595518112184,-0.49007487297058108,-1.4203420877456666,1.0]}},{"@class":"BoneInfo","index":16,"offset":{"values":[0.0393674299120903,0.967576801776886,0.24949297308921815,0.0,-0.20124280452728272,-0.23689280450344087,0.9504649639129639,0.0,0.9787979125976563,-0.08762990683317185,0.18539929389953614,0.0,0.21953414380550385,-0.4738222658634186,-1.4340327978134156,1.0000001192092896]}},{"@class":"BoneInfo","index":17,"offset":{"values":[0.2968226671218872,0.9246488809585571,0.23858129978179933,0.0,-0.17441785335540772,-0.19314292073249818,0.9655437469482422,0.0,0.9389146566390991,-0.3282237648963928,0.10394959151744843,0.0,0.011369189247488976,-0.43180859088897707,-1.4424313306808472,0.9999999403953552]}},{"@class":"BoneInfo","index":18,"offset":{"values":[0.2734707295894623,0.9494336247444153,0.15424039959907533,0.0,-0.1636972278356552,-0.11207550019025803,0.9801238179206848,0.0,0.9478949904441834,-0.2932979464530945,0.12477469444274903,0.0,0.015653008595108987,-0.5952357053756714,-1.3956634998321534,1.0]}},{"@class":"BoneInfo","index":19,"offset":{"values":[0.2940170466899872,0.9492851495742798,0.11141081154346466,0.0,-0.08588432520627976,-0.0898522287607193,0.9922453165054321,0.0,0.9519801139831543,-0.3013198971748352,0.05511169508099556,0.0,-0.1018911749124527,-0.646083652973175,-1.3788177967071534,1.0000001192092896]}},{"@class":"BoneInfo","index":20,"offset":{"values":[0.6238871216773987,0.7686400413513184,0.1412704586982727,0.0,-0.058740150183439258,-0.13413335382938386,0.9892210364341736,0.0,0.7793418765068054,-0.6254903078079224,-0.03853752091526985,0.0,-0.3665817379951477,-0.4036518633365631,-1.4009208679199219,1.0]}},{"@class":"BoneInfo","index":21,"offset":{"values":[0.6249167323112488,0.7592864036560059,0.18155741691589356,0.0,-0.08805351704359055,-0.1625242829322815,0.9827678799629211,0.0,0.7757478356361389,-0.6301649212837219,-0.034709569066762927,0.0,-0.32918956875801089,-0.38535943627357485,-1.4228301048278809,1.0]}},{"@class":"BoneInfo","index":22,"offset":{"values":[0.6288367509841919,0.7704918384552002,0.10443378239870072,0.0,-0.0018445703899487854,-0.13283468782901765,0.9911365509033203,0.0,0.7775729298591614,-0.623485803604126,-0.08211570233106613,0.0,-0.44452279806137087,-0.4499718248844147,-1.3766288757324219,0.9999998807907105]}},{"@class":"BoneInfo","index":23,"offset":{"values":[-0.20705950260162354,-0.9700738191604614,0.12681959569454194,0.0,0.9674383997917175,-0.1837395280599594,0.17407697439193726,0.0,-0.14557431638240815,0.15874244272708894,0.9765787720680237,0.0,-1.3302581310272217,0.21945492923259736,-0.23666149377822877,0.9999999403953552]}},{"@class":"BoneInfo","index":24,"offset":{"values":[-0.05263471603393555,-0.997063934803009,-0.05561678111553192,0.0,0.99210125207901,-0.0458599254488945,-0.11675683408975601,0.0,0.11386738717556,-0.06132585182785988,0.9916503429412842,0.0,-1.3456182479858399,-0.0894455760717392,0.1264544278383255,1.0]}},{"@class":"BoneInfo","index":25,"offset":{"values":[-0.034357182681560519,-0.9978092908859253,0.056537218391895297,0.0,0.9544856548309326,-0.049530383199453357,-0.2941158413887024,0.0,0.2962847054004669,0.04386117309331894,0.9541429877281189,0.0,-1.2889560461044312,-0.3500320017337799,0.4099332392215729,1.0]}},{"@class":"BoneInfo","index":26,"offset":{"values":[-0.03679148107767105,-0.9920586347579956,0.12027373164892197,0.0,-0.20636902749538423,-0.11021833121776581,-0.9722468852996826,0.0,0.9778301119804382,-0.060593944042921069,-0.20068331062793733,0.0,0.23308949172496797,-0.4958914816379547,1.3665331602096558,0.9999999403953552]}},{"@class":"BoneInfo","index":27,"offset":{"values":[-0.42465105652809145,-0.5841017365455627,0.6917340159416199,0.0,0.8096268773078919,-0.5869430899620056,0.001408510492183268,0.0,0.40520423650741579,0.5606728792190552,0.7221856117248535,0.0,-1.3560397624969483,0.36006104946136477,0.4436511695384979,0.9999998807907105]}},{"@class":"BoneInfo","index":28,"offset":{"values":[-0.44224798679351809,-0.6364215612411499,0.6319684386253357,0.0,0.8397554159164429,-0.54129558801651,0.04254608601331711,0.0,0.31501850485801699,0.5495424866676331,0.7738627195358276,0.0,-1.4026364088058472,0.22743180394172669,0.34671130776405337,1.0]}},{"@class":"BoneInfo","index":29,"offset":{"values":[-0.37040987610816958,-0.6444025635719299,0.6689853668212891,0.0,0.8463222980499268,-0.5309459567070007,-0.04283673316240311,0.0,0.38281652331352236,0.5503376722335815,0.7420760989189148,0.0,-1.3640398979187012,0.17267704010009767,0.48360535502433779,1.0]}},{"@class":"BoneInfo","index":30,"offset":{"values":[-0.32842519879341128,-0.9281615614891052,-0.1750805526971817,0.0,0.14944693446159364,-0.23409181833267213,0.9606596231460571,0.0,-0.9326776266098023,0.2893540859222412,0.21560145914554597,0.0,-0.4091457426548004,-0.3962869346141815,-1.3874651193618775,0.9999999403953552]}},{"@class":"BoneInfo","index":31,"offset":{"values":[-0.3050924241542816,-0.9277899265289307,-0.21476686000823975,0.0,0.1351631134748459,-0.2654223144054413,0.9546108841896057,0.0,-0.9427281618118286,0.26222923398017886,0.20638981461524964,0.0,-0.37215468287467959,-0.38708654046058657,-1.4100335836410523,0.9999999403953552]}},{"@class":"BoneInfo","index":32,"offset":{"values":[-0.3280017673969269,-0.9226636290550232,-0.20274890959262849,0.0,0.25670742988586428,-0.293600857257843,0.9208148717880249,0.0,-0.9091739654541016,0.2499943971633911,0.3331708014011383,0.0,-0.548497200012207,-0.3693450093269348,-1.3630001544952393,1.0]}},{"@class":"BoneInfo","index":33,"offset":{"values":[0.061370477080345157,-0.9762680530548096,-0.20768725872039796,0.0,0.13561566174030305,-0.19799377024173737,0.9707767367362976,0.0,-0.9889070987701416,-0.08774661272764206,0.1202506497502327,0.0,-0.11707065999507904,-0.4683198928833008,-1.4262226819992066,1.0]}},{"@class":"BoneInfo","index":34,"offset":{"values":[0.03296016529202461,-0.9746755361557007,-0.2211810052394867,0.0,0.20023299753665925,-0.21037496626377107,0.9568959474563599,0.0,-0.9792417287826538,-0.07583051919937134,0.18823592364788056,0.0,-0.22346577048301698,-0.4903617799282074,-1.4195263385772706,1.0]}},{"@class":"BoneInfo","index":35,"offset":{"values":[0.039187297224998477,-0.9675816297531128,-0.24949920177459718,0.0,0.20467443764209748,-0.23662421107292176,0.9497988820075989,0.0,-0.978093147277832,-0.08829006552696228,0.18877434730529786,0.0,-0.22419896721839906,-0.47416988015174868,-1.4332106113433838,1.0]}},{"@class":"BoneInfo","index":36,"offset":{"values":[0.29665040969848635,-0.9246980547904968,-0.23860454559326173,0.0,0.17772147059440614,-0.1920313835144043,0.965162992477417,0.0,-0.938349187374115,-0.3287367820739746,0.10737626999616623,0.0,-0.01585743948817253,-0.43330177664756777,-1.4419986009597779,0.9999999403953552]}},{"@class":"BoneInfo","index":37,"offset":{"values":[0.27329713106155398,-0.9494802355766296,-0.15426161885261537,0.0,0.16703103482723237,-0.1110890805721283,0.9796736240386963,0.0,-0.9473631978034973,-0.2935226261615753,0.1282370537519455,0.0,-0.02018154226243496,-0.596566379070282,-1.3951385021209717,1.0000001192092896]}},{"@class":"BoneInfo","index":38,"offset":{"values":[0.29384589195251467,-0.9493338465690613,-0.11144465208053589,0.0,0.08923384547233582,-0.08883766084909439,0.9920411705970764,0.0,-0.9517247080802918,-0.3014664053916931,0.058609526604413989,0.0,0.09734787791967392,-0.6474544405937195,-1.3786265850067139,1.0]}},{"@class":"BoneInfo","index":39,"offset":{"values":[0.6237478852272034,-0.768744170665741,-0.14131927490234376,0.0,0.06149913743138313,-0.13197290897369386,0.9893438816070557,0.0,-0.7792404294013977,-0.6258224248886108,-0.03504388406872749,0.0,0.3628425896167755,-0.40657055377960207,-1.4011712074279786,1.0000001192092896]}},{"@class":"BoneInfo","index":40,"offset":{"values":[0.6247765421867371,-0.7593913674354553,-0.181601881980896,0.0,0.09079945832490921,-0.16034269332885743,0.9828764200210571,0.0,-0.7755438685417175,-0.6305978298187256,-0.031228991225361825,0.0,0.3254653513431549,-0.3883049488067627,-1.423058271408081,1.0]}},{"@class":"BoneInfo","index":41,"offset":{"values":[0.6287014484405518,-0.7705947756767273,-0.10449164360761643,0.0,0.004598150961101055,-0.13068294525146485,0.9914137721061707,0.0,-0.7776710391044617,-0.6238138675689697,-0.0786224901676178,0.0,0.44079676270484927,-0.4528782367706299,-1.3770898580551148,1.0]}},{"@class":"BoneInfo","index":42,"offset":{"values":[1.0,2.800518039691724e-8,4.3440405761430159e-7,0.0,1.862099168192799e-7,0.8744972348213196,-0.4850308299064636,0.0,-3.936234804768901e-7,0.48505306243896487,0.8745403289794922,0.0,-2.5589855567886845e-7,-1.2394953966140748,0.6689891219139099,1.0]}},{"@class":"BoneInfo","index":43,"offset":{"values":[1.0,-1.3019331390751177e-8,2.5309648776783435e-7,0.0,1.6476647601848528e-8,0.9999067783355713,-0.013660706579685212,0.0,-2.530429981106863e-7,0.013659872114658356,0.9999552369117737,0.0,-1.233848401227533e-8,-1.482912540435791,-0.036873094737529758,1.0]}},{"@class":"BoneInfo","index":44,"offset":{"values":[-0.9999003410339356,0.011726677417755127,-0.00787067785859108,0.0,-0.011865395121276379,-0.9997705817222595,0.017815150320529939,0.0,-0.007660302333533764,0.01790846884250641,0.999856173992157,0.0,-0.08430416882038117,0.947604238986969,-0.04639272764325142,1.0]}},{"@class":"BoneInfo","index":45,"offset":{"values":[-0.9987824559211731,0.028156211599707605,-0.040506161749362949,0.0,-0.02619764767587185,-0.9984986782073975,-0.048096463084220889,0.0,-0.041801486164331439,-0.04697803035378456,0.998066782951355,0.0,-0.0757632777094841,0.5048282146453857,-0.016240056604146959,1.0]}},{"@class":"BoneInfo","index":46,"offset":{"values":[-0.9952101707458496,-0.04162582382559776,-0.08845487236976624,0.0,-0.058483634144067767,-0.47153961658477785,0.8799030184745789,0.0,-0.07834024727344513,0.8809026479721069,0.46686723828315737,0.0,-0.0720098540186882,0.02293696068227291,-0.0924367755651474,1.0]}},{"@class":"BoneInfo","index":47,"offset":{"values":[-0.9976465106010437,-0.060118142515420917,-0.032977256923913959,0.0,-0.030545806512236596,-0.040925007313489917,0.9986947774887085,0.0,-0.061392076313495639,0.9973978400230408,0.03899308294057846,0.0,-0.07523952424526215,-0.1577799767255783,-0.023730328306555749,0.9999999403953552]}},{"@class":"BoneInfo","index":48,"offset":{"values":[-0.99992835521698,-0.011946556158363819,0.0009471478406339884,0.0,0.011961634270846844,-0.9997676014900208,0.017945144325494767,0.0,0.0007325680344365537,0.01795690320432186,0.9998844265937805,0.0,0.08441498875617981,0.9476209878921509,-0.04585358500480652,1.0]}},{"@class":"BoneInfo","index":49,"offset":{"values":[-0.9990472197532654,-0.027919378131628038,0.03354331851005554,0.0,0.026294022798538209,-0.9985033273696899,-0.04795663803815842,0.0,0.03483360633254051,-0.047030236572027209,0.9983319640159607,0.0,0.0758962631225586,0.5048112869262695,-0.015707623213529588,1.0]}},{"@class":"BoneInfo","index":50,"offset":{"values":[-0.9952101111412048,0.041625846177339557,0.0884552076458931,0.0,0.058483924716711047,-0.4715399444103241,0.8799035549163818,0.0,0.07834041118621826,0.8809028267860413,0.46686744689941409,0.0,0.07200977951288223,0.022937119007110597,-0.09243705123662949,1.0000001192092896]}},{"@class":"BoneInfo","index":51,"offset":{"values":[-0.9976465106010437,0.060118168592453,0.03297723829746246,0.0,0.030545761808753015,-0.040924787521362308,0.998695433139801,0.0,0.06139209866523743,0.9973978400230408,0.038993027061223987,0.0,0.07523947209119797,-0.1577800065279007,-0.02373061329126358,1.0]}}]}