{"@class":"BaseSkinController","id":{"uuid":"53322BD3-42A3-4BB2-8730-324F46EE70F6"},"boneInfoCollection":[{"@class":"BoneInfo","index":0,"offset":{"values":[0.7310769557952881,-0.682295024394989,7.350192277044698e-8,0.0,-1.0941647587969783e-8,-1.6422536930349453e-7,-1.0,0.0,0.682295024394989,0.7310769557952881,-9.432326208980158e-8,0.0,-0.10272407531738281,7.03079891204834,-0.009054253809154034,1.0]}},{"@class":"BoneInfo","index":1,"offset":{"values":[0.7272051572799683,-0.6864202618598938,-1.248030940814715e-7,0.0,-2.8402851626196937e-7,-1.635920341414021e-7,-1.0,0.0,0.6864203214645386,0.7272050976753235,-2.8072429358871889e-7,0.0,-0.06855440139770508,6.039697170257568,-0.009054232388734818,1.0]}},{"@class":"BoneInfo","index":2,"offset":{"values":[0.7295900583267212,-0.6838846802711487,-7.227774290186062e-8,0.0,-2.109043748532713e-7,-1.63982292633591e-7,-1.0,0.0,0.6838847994804382,0.7295899391174316,-2.306705795263042e-7,0.0,-0.0866842269897461,5.208223342895508,-0.009054235182702542,1.0]}},{"@class":"BoneInfo","index":3,"offset":{"values":[0.7300283908843994,-0.6834167838096619,-1.8986263228271128e-7,0.0,-3.7180862477725898e-7,-1.6405395797391976e-7,-1.0,0.0,0.6834167838096619,0.7300283312797546,-3.406607902434189e-7,0.0,-0.08958244323730469,4.518617630004883,-0.009054220281541348,1.0]}}]}