{"@class":"BaseSkinController","id":{"uuid":"7D5E39BD-824D-4E5A-908F-3ACDC84040DC"},"boneInfoCollection":[{"@class":"BoneInfo","index":0,"offset":{"values":[1.0,-6.060017811792087e-16,6.103488072040769e-16,0.0,6.060016753000903e-16,-0.007147832773625851,-0.9999744296073914,0.0,6.103489130831953e-16,0.9999744296073914,-0.007147892378270626,0.0,1.838269230372146e-15,2.472285270690918,0.10789576172828675,1.0]}},{"@class":"BoneInfo","index":1,"offset":{"values":[0.9999999403953552,-3.362489442463547e-22,7.237830359838992e-23,0.0,3.226001549057549e-23,-1.0471301692405177e-7,-1.0,0.0,2.816549985743059e-22,1.0,-1.6431766880486976e-7,0.0,2.9994821031747946e-16,1.1920994520187379,0.10990867018699646,1.0]}},{"@class":"BoneInfo","index":2,"offset":{"values":[1.0,1.1102231093284513e-14,-2.384186643666908e-7,0.0,-2.2698401380694123e-7,-0.3059749901294708,-0.9520395994186401,0.0,-7.295017212527455e-8,0.9520395994186401,-0.305975079536438,0.0,-3.9602063850452399e-8,0.8720011711120606,-0.1661030650138855,1.0000001192092896]}},{"@class":"BoneInfo","index":3,"offset":{"values":[1.0000001192092896,-1.6653347063443244e-14,-2.3841863594498138e-7,0.0,-2.3580494712405199e-7,-0.14766603708267213,-0.9890373349189758,0.0,-3.520634095366404e-8,0.9890373349189758,-0.1476660966873169,0.0,-4.3113825398677366e-8,-0.07615208625793457,-0.18083252012729646,1.0000001192092896]}},{"@class":"BoneInfo","index":4,"offset":{"values":[-0.9999701380729675,0.00764389056712389,-0.0011424575932323933,0.0,-0.003386909142136574,-0.3005235195159912,0.9537683725357056,0.0,0.006947166286408901,0.9537439942359924,0.30054041743278506,0.0,-0.002672908827662468,-0.33011794090270998,0.1308077573776245,0.9999998807907105]}},{"@class":"BoneInfo","index":5,"offset":{"values":[-1.0000001192092896,-1.3893337591497357e-9,-0.0000022880240067024717,0.0,5.959527697996236e-7,-0.9657259583473206,-0.25956472754478457,0.0,-0.0000022107744825916599,-0.25956475734710696,0.9657259583473206,0.0,0.0026867943815886976,-0.15976503491401673,-0.6752090454101563,1.0]}},{"@class":"BoneInfo","index":6,"offset":{"values":[-1.0000001192092896,8.526516992457545e-11,0.0000015841093272683793,0.0,-4.911503879156953e-7,-0.9505520462989807,-0.3105655908584595,0.0,0.0000015033108411444119,-0.3105655610561371,0.950552225112915,0.0,0.002684124046936631,-0.6261439919471741,-0.7095191478729248,1.0]}},{"@class":"BoneInfo","index":7,"offset":{"values":[0.9424115419387817,0.33386561274528506,-0.019863493740558625,0.0,-0.035644885152578357,0.04120870679616928,-0.9985147714614868,0.0,-0.33255115151405337,0.9417194724082947,0.05073615536093712,0.0,-0.4579025208950043,0.5537208318710327,0.29443785548210146,1.0000001192092896]}},{"@class":"BoneInfo","index":8,"offset":{"values":[0.7456483840942383,0.3169889450073242,-0.5861114263534546,0.0,-0.5405389070510864,0.802103579044342,-0.25386661291122439,0.0,0.389648973941803,0.506111204624176,0.7694318294525147,0.0,0.005874752998352051,-0.15568137168884278,0.5574793815612793,0.9999998807907105]}},{"@class":"BoneInfo","index":9,"offset":{"values":[0.5655924081802368,0.36475691199302676,-0.7396335601806641,0.0,-0.7059110403060913,0.677825927734375,-0.20552894473075868,0.0,0.42637476325035097,0.6383610963821411,0.6408587694168091,0.0,0.21910905838012696,-0.6029747724533081,0.5950917601585388,1.0]}},{"@class":"BoneInfo","index":10,"offset":{"values":[0.9729777574539185,0.23084692656993867,0.004888883326202631,0.0,-0.2306988686323166,0.9727986454963684,-0.021000338718295099,0.0,-0.009603750891983509,0.019304918125271798,0.9997674822807312,0.0,-0.4837995171546936,-1.2583919763565064,-0.28687405586242678,0.9999998807907105]}},{"@class":"BoneInfo","index":11,"offset":{"values":[0.5904574394226074,0.30479344725608828,0.7473024129867554,0.0,-0.5083561539649963,0.8596323728561401,0.051053352653980258,0.0,-0.6268446445465088,-0.41004055738449099,0.6625199913978577,0.0,0.5554417371749878,-1.6674275398254395,-0.988775372505188,1.0]}},{"@class":"BoneInfo","index":12,"offset":{"values":[0.9414231181144714,-0.33386561274528506,-0.0475006103515625,0.0,-0.03576674684882164,0.04120881110429764,-0.9985101819038391,0.0,0.335325688123703,0.9417195320129395,0.026853546500205995,0.0,0.48140135407447817,0.5524308681488037,0.2607957720756531,1.0]}},{"@class":"BoneInfo","index":13,"offset":{"values":[0.7532030344009399,-0.2924429476261139,-0.589204728603363,0.0,-0.10897742211818695,0.8278805017471314,-0.5502158999443054,0.0,0.6486980319023132,0.47863447666168215,0.5916924476623535,0.0,0.5408905744552612,-0.1643199920654297,0.13556718826293946,1.0]}},{"@class":"BoneInfo","index":14,"offset":{"values":[0.5403086543083191,-0.29639604687690737,-0.7875377535820007,0.0,-0.42643097043037417,0.7103834748268127,-0.5599213242530823,0.0,0.7254123687744141,0.6383610367774963,0.2574339509010315,0.0,0.6634211540222168,-0.6156145334243774,0.006241858005523682,1.0]}},{"@class":"BoneInfo","index":15,"offset":{"values":[0.8984323740005493,-0.13415345549583436,-0.41811734437942507,0.0,0.11338426172733307,0.9907724261283875,-0.07425495982170105,0.0,0.42422088980674746,0.019305206835269929,0.9053530097007752,0.0,0.3848203420639038,-1.2565293312072755,-0.49201297760009768,1.0]}},{"@class":"BoneInfo","index":16,"offset":{"values":[0.9725177884101868,-0.2188604325056076,0.07942920178174973,0.0,0.16373102366924287,0.8854187726974487,0.4350002706050873,0.0,-0.16553246974945069,-0.4100405275821686,0.8969199657440186,0.0,0.5408874750137329,-1.672670841217041,-1.0211331844329835,1.0]}},{"@class":"BoneInfo","index":17,"offset":{"values":[-0.9939458966255188,0.10944627970457077,0.008369171991944313,0.0,-0.0035570941399782898,0.04417122155427933,-0.9990158081054688,0.0,-0.10970904678106308,-0.9930106997489929,-0.04351538419723511,0.0,0.3867930471897125,-1.28658127784729,0.19076445698738099,0.9999998807907105]}},{"@class":"BoneInfo","index":18,"offset":{"values":[0.3285750448703766,-0.09218525141477585,-0.9399558901786804,0.0,0.49506089091300967,0.8643600344657898,0.08827458322048187,0.0,0.8043335676193237,-0.4943463206291199,0.3296496570110321,0.0,0.8873354196548462,-0.9103803634643555,0.9873499870300293,1.0]}},{"@class":"BoneInfo","index":19,"offset":{"values":[-0.12209808081388474,-0.004923027008771896,-0.9924939274787903,0.0,0.893054187297821,-0.4368625283241272,-0.10770714282989502,0.0,-0.43305864930152895,-0.8995144367218018,0.05773810297250748,0.0,-1.1142381429672242,-1.2436833381652833,0.6716775894165039,0.9999998807907105]}},{"@class":"BoneInfo","index":20,"offset":{"values":[-0.9789797067642212,-0.20388315618038178,-0.0056612733751535419,0.0,-0.0032831861171871425,0.04350417107343674,-0.9990479350090027,0.0,0.20393529534339906,-0.9780282974243164,-0.04325908049941063,0.0,-0.23761332035064698,-1.3124819993972779,0.19264397025108338,1.0000001192092896]}},{"@class":"BoneInfo","index":21,"offset":{"values":[0.20178881287574769,0.05009075999259949,-0.9781479239463806,0.0,0.4774366021156311,0.866969645023346,0.14289067685604096,0.0,0.8551816940307617,-0.4958370625972748,0.15102969110012055,0.0,1.2609738111495972,-0.9364801645278931,-0.35401269793510439,1.0]}},{"@class":"BoneInfo","index":22,"offset":{"values":[-0.07168834656476975,0.023189818486571313,-0.9971580505371094,0.0,0.8964829444885254,-0.43675145506858828,-0.07460793107748032,0.0,-0.43724027276039126,-0.8992831707000732,0.010520807467401028,0.0,-1.2255405187606812,-1.2334542274475098,-0.4806981682777405,1.0]}}]}