{"@class":"BaseSkinController","id":{"uuid":"AFB53D3C-F176-4534-A2F8-264EDF87CA16"},"boneInfoCollection":[{"@class":"BoneInfo","index":0,"offset":{"values":[1.0,1.4305129525382654e-8,4.5299529460862689e-7,0.0,4.5299529460862689e-7,5.960464477539063e-8,-0.9999999403953552,0.0,-1.4305126860847395e-8,0.9999997615814209,5.960463411724959e-8,0.0,0.0,0.0,0.0,1.0]}},{"@class":"BoneInfo","index":1,"offset":{"values":[1.0,1.4305072681963793e-8,6.914137884450611e-7,0.0,6.914137884450611e-7,5.960464477539063e-8,-0.9999999403953552,0.0,-1.4305071793785374e-8,0.9999998807907105,5.9604641222676949e-8,0.0,-0.000020506566215772183,-0.014559267088770867,0.0010827110381796957,1.0]}},{"@class":"BoneInfo","index":2,"offset":{"values":[0.893088161945343,0.4498608112335205,0.004305190872400999,0.0,0.38495224714279177,-0.7592058181762695,-0.524803102016449,0.0,-0.2328197956085205,0.4703526794910431,-0.8512125611305237,0.0,-0.0021952162496745588,-0.008019142784178257,0.004184864927083254,1.0]}},{"@class":"BoneInfo","index":3,"offset":{"values":[0.8651132583618164,0.4080969989299774,-0.291608601808548,0.0,0.48617979884147646,-0.825217068195343,0.2874812185764313,0.0,-0.12332018464803696,-0.39047810435295107,-0.9123148322105408,0.0,-0.0020367789547890426,-0.009411817416548729,0.01778763346374035,1.0]}},{"@class":"BoneInfo","index":4,"offset":{"values":[0.978988528251648,0.17336754500865937,-0.10735327005386353,0.0,0.19070285558700562,-0.5919925570487976,0.7830563187599182,0.0,0.07220425456762314,-0.7870758771896362,-0.612615704536438,0.0,-0.01145794615149498,-0.00843742024153471,0.022796129807829858,1.0]}},{"@class":"BoneInfo","index":5,"offset":{"values":[0.9789887070655823,0.17336753010749818,-0.107353076338768,0.0,0.19070272147655488,-0.5919928550720215,0.783056378364563,0.0,0.07220430672168732,-0.7870758175849915,-0.6126158833503723,0.0,-0.011457951739430428,-0.017991047352552415,0.02279612421989441,1.0]}},{"@class":"BoneInfo","index":6,"offset":{"values":[0.7736510038375855,0.5488413572311401,0.3166027069091797,0.0,0.5550316572189331,-0.34601497650146487,-0.7564480304718018,0.0,-0.30562064051628115,0.7609512209892273,-0.5723190903663635,0.0,-0.00152809196151793,-0.007887905463576317,0.001470058225095272,1.0]}},{"@class":"BoneInfo","index":7,"offset":{"values":[0.6683136224746704,0.617855429649353,-0.41425979137420657,0.0,0.743348240852356,-0.5336545705795288,0.40329378843307497,0.0,0.02810562774538994,-0.5774661898612976,-0.8159304857254028,0.0,-0.005051500629633665,-0.0011798371560871602,0.023228084668517114,1.0]}},{"@class":"BoneInfo","index":8,"offset":{"values":[0.947710394859314,0.25133660435676577,-0.19665950536727906,0.0,0.26921412348747256,-0.29871970415115359,0.9155817627906799,0.0,0.1713731735944748,-0.9206498861312866,-0.3507631719112396,0.0,-0.020128505304455758,-0.0022923476062715055,0.021581407636404039,1.0]}},{"@class":"BoneInfo","index":9,"offset":{"values":[0.947710394859314,0.25133684277534487,-0.19665883481502534,0.0,0.26921358704566958,-0.2987199127674103,0.9155817031860352,0.0,0.17137359082698823,-0.9206497073173523,-0.3507632911205292,0.0,-0.020128509029746057,-0.011282466351985932,0.021581387147307397,1.0]}},{"@class":"BoneInfo","index":10,"offset":{"values":[0.30208393931388857,0.6346682906150818,0.7112955451011658,0.0,0.4073967933654785,0.5886331796646118,-0.6982398629188538,0.0,-0.8618428111076355,0.5007064938545227,-0.08074519783258438,0.0,0.0028123382944613697,-0.008029275573790074,0.0006556542939506471,1.0]}},{"@class":"BoneInfo","index":11,"offset":{"values":[-0.0766739770770073,0.6116317510604858,-0.7874186635017395,0.0,0.5962077975273132,0.6611201167106628,0.4554741084575653,0.0,0.7991607785224915,-0.434542179107666,-0.4153502881526947,0.0,-0.01509779505431652,-0.008364560082554818,0.008709507063031197,1.0]}},{"@class":"BoneInfo","index":12,"offset":{"values":[0.8856404423713684,0.3389865756034851,-0.31737852096557619,0.0,0.10865075886249542,0.5132213234901428,0.8513513803482056,0.0,0.45148199796676638,-0.788474440574646,0.4176982641220093,0.0,-0.020574010908603669,-0.008979557082057,-0.012570773251354695,1.0]}},{"@class":"BoneInfo","index":13,"offset":{"values":[0.8856404423713684,0.33898669481277468,-0.3173784017562866,0.0,0.10865065455436707,0.5132210850715637,0.8513514399528503,0.0,0.45148199796676638,-0.7884745001792908,0.4176981449127197,0.0,-0.02057400718331337,-0.017698826268315316,-0.012570778839290142,1.0]}},{"@class":"BoneInfo","index":14,"offset":{"values":[0.4797612428665161,0.6863925457000732,0.5465295314788818,0.0,0.5456666350364685,0.2543657124042511,-0.798464834690094,0.0,-0.6870786547660828,0.6812954545021057,-0.25250670313835146,0.0,0.00126610544975847,-0.007652072701603174,0.0005085105658508837,1.0]}},{"@class":"BoneInfo","index":15,"offset":{"values":[0.08422797918319702,0.8004719018936157,-0.5934226512908936,0.0,0.8085203766822815,0.29318246245384219,0.510233998298645,0.0,0.582409143447876,-0.522770345211029,-0.6225037574768066,0.0,-0.01517222635447979,-0.0047286804765462879,0.01607055403292179,1.0]}},{"@class":"BoneInfo","index":16,"offset":{"values":[0.9059600234031677,0.3010094463825226,-0.29770708084106448,0.0,0.26064974069595339,0.1575528085231781,0.9524907469749451,0.0,0.3336133658885956,-0.9405161142349243,0.06427854299545288,0.0,-0.028745941817760469,-0.0005837618955411017,-0.0020014119800180198,1.0]}},{"@class":"BoneInfo","index":17,"offset":{"values":[0.905960202217102,0.3010089099407196,-0.29770714044570925,0.0,0.2606499195098877,0.1575528085231781,0.9524906277656555,0.0,0.3336128890514374,-0.9405162334442139,0.06427866220474243,0.0,-0.02874593995511532,-0.00974041223526001,-0.002001408953219652,1.0]}},{"@class":"BoneInfo","index":18,"offset":{"values":[0.8930879235267639,-0.4498610496520996,0.004305078648030758,0.0,-0.3798750936985016,-0.75920569896698,-0.528489887714386,0.0,0.2410154491662979,0.47035253047943118,-0.8489283323287964,0.0,0.0021212371066212656,-0.008002255111932755,0.0042056730017066,1.0]}},{"@class":"BoneInfo","index":19,"offset":{"values":[0.8651139140129089,-0.40809687972068789,-0.29160672426223757,0.0,-0.2129412740468979,-0.8252174258232117,0.5231367349624634,0.0,-0.4541294574737549,-0.3904777467250824,-0.800807774066925,0.0,0.012356743216514588,-0.009396505542099476,0.0129359420388937,1.0]}},{"@class":"BoneInfo","index":20,"offset":{"values":[0.978988528251648,-0.17336827516555787,-0.10735342651605606,0.0,-0.016476156190037729,-0.5919924378395081,0.8057752847671509,0.0,-0.20324824750423432,-0.7870757579803467,-0.5824101567268372,0.0,0.01608903333544731,-0.008430919609963894,0.019775399938225747,1.0]}},{"@class":"BoneInfo","index":21,"offset":{"values":[0.9789887070655823,-0.17336781322956086,-0.10735271871089935,0.0,-0.016476506367325784,-0.5919925570487976,0.8057751655578613,0.0,-0.20324742794036866,-0.7870757579803467,-0.5824105143547058,0.0,0.016089027747511865,-0.017984537407755853,0.019775407388806344,1.0]}},{"@class":"BoneInfo","index":22,"offset":{"values":[0.7736510634422302,-0.548841655254364,0.3166021406650543,0.0,0.1345166563987732,-0.3460150957107544,-0.9285359382629395,0.0,0.619168221950531,0.7609509825706482,-0.19386659562587739,0.0,0.000030050314308027738,-0.007867302745580674,0.002107700565829873,1.0]}},{"@class":"BoneInfo","index":23,"offset":{"values":[0.66831374168396,-0.6178553700447083,-0.41426020860671999,0.0,0.030511613935232164,-0.5336547493934631,0.8451517224311829,0.0,-0.7432534694671631,-0.5774662494659424,-0.33779701590538027,0.0,0.02302525006234646,-0.0011566468747332693,0.005824464373290539,1.0]}},{"@class":"BoneInfo","index":24,"offset":{"values":[0.9477096796035767,-0.25133848190307619,-0.19666051864624024,0.0,0.1173122227191925,-0.2987200915813446,0.947102963924408,0.0,-0.29678988456726076,-0.9206494092941284,-0.25361478328704836,0.0,0.027017969638109208,-0.0022829670924693348,0.011798011139035225,1.0]}},{"@class":"BoneInfo","index":25,"offset":{"values":[0.9477103352546692,-0.25133728981018069,-0.1966588795185089,0.0,0.11731094121932984,-0.2987201511859894,0.9471033811569214,0.0,-0.2967882752418518,-0.9206497073173523,-0.25361546874046328,0.0,0.02701796405017376,-0.0112730348482728,0.011798059567809105,1.0]}},{"@class":"BoneInfo","index":26,"offset":{"values":[0.3020838499069214,-0.6346683502197266,0.7112956643104553,0.0,0.7853450179100037,0.5886330008506775,0.19168783724308015,0.0,-0.5403504371643066,0.5007067322731018,0.6762502789497376,0.0,0.0014697095612064005,-0.008005448617041111,-0.002505742246285081,1.0]}},{"@class":"BoneInfo","index":27,"offset":{"values":[-0.0766739696264267,-0.6116319298744202,-0.7874181270599365,0.0,0.497138649225235,0.6611196994781494,-0.5619372129440308,0.0,0.8642765879631043,-0.4345419704914093,0.25337517261505129,0.0,-0.016491517424583436,-0.008341602981090546,-0.005603705998510122,1.0]}},{"@class":"BoneInfo","index":28,"offset":{"values":[0.8856403231620789,-0.3389868140220642,-0.3173782229423523,0.0,0.4568179249763489,0.5132207870483398,0.7265820503234863,0.0,-0.08341659605503082,-0.7884745597839356,0.6093843579292297,0.0,0.0078734727576375,-0.008966832421720028,-0.022765222936868669,1.0]}},{"@class":"BoneInfo","index":29,"offset":{"values":[0.8856403827667236,-0.33898693323135378,-0.31737834215164187,0.0,0.45681804418563845,0.5132208466529846,0.726581871509552,0.0,-0.08341657370328903,-0.788474440574646,0.6093844771385193,0.0,0.0078734727576375,-0.017686106264591218,-0.02276522107422352,1.0]}},{"@class":"BoneInfo","index":30,"offset":{"values":[0.47976118326187136,-0.6863923668861389,0.5465296506881714,0.0,0.8624348044395447,0.25436604022979739,-0.43761181831359866,0.0,0.16135483980178834,0.6812953948974609,0.7140036821365356,0.0,-0.00035818881588056684,-0.0076263039372861389,-0.0013418379239737988,1.0]}},{"@class":"BoneInfo","index":31,"offset":{"values":[0.0842280313372612,-0.8004717230796814,-0.5934226512908936,0.0,0.9185678958892822,0.29318276047706606,-0.26509836316108706,0.0,0.386184960603714,-0.5227702260017395,0.7599817514419556,0.0,-0.01010426227003336,-0.004698628559708595,-0.019635464996099473,1.0]}},{"@class":"BoneInfo","index":32,"offset":{"values":[0.9059603214263916,-0.3010096549987793,-0.2977071702480316,0.0,0.35514163970947268,0.15755289793014527,0.9214398860931397,0.0,-0.2304576337337494,-0.9405159950256348,0.2496376633644104,0.0,0.02192160114645958,-0.0005724613438360393,-0.018651247024536134,1.0]}},{"@class":"BoneInfo","index":33,"offset":{"values":[0.9059600234031677,-0.3010096251964569,-0.2977072596549988,0.0,0.35514166951179507,0.15755251049995423,0.9214398264884949,0.0,-0.23045767843723298,-0.94051593542099,0.24963732063770295,0.0,0.021921595558524133,-0.009729121811687947,-0.018651248887181283,1.0]}},{"@class":"BoneInfo","index":34,"offset":{"values":[0.9999998807907105,2.5472656872693734e-8,1.1248016740239564e-8,0.0,-2.3885322164574064e-8,0.9923168420791626,-0.12372183799743653,0.0,-1.4313120466624696e-8,0.12372182309627533,0.992316722869873,0.0,-0.000032237283448921519,-0.009671686217188836,-0.007446145173162222,1.0]}},{"@class":"BoneInfo","index":35,"offset":{"values":[1.0,2.5428546379657747e-8,1.1248133979790964e-8,0.0,-2.3841538521196527e-8,0.9923169612884522,-0.12372178584337235,0.0,-1.430777896160862e-8,0.12372178584337235,0.9923169612884522,0.0,-0.000032237287086900327,-0.024445747956633569,-0.007446148432791233,1.0]}},{"@class":"BoneInfo","index":36,"offset":{"values":[0.9999998807907105,-1.988067133140703e-8,0.0000027835371838591529,0.0,5.623438710244955e-7,-0.9779136180877686,-0.20900939404964448,0.0,0.000002726213779169484,0.2090093493461609,-0.9779134392738342,0.0,-2.676695665115858e-8,0.0044185565784573559,0.00910366140305996,1.0]}},{"@class":"BoneInfo","index":37,"offset":{"values":[0.9999915957450867,-0.0040587494149804119,0.0005314470618031919,0.0,-0.00405355729162693,-0.9638094902038574,0.26656070351600649,0.0,-0.0005696894368156791,-0.2665606737136841,-0.9638180136680603,0.0,0.00001509557114331983,0.004740304779261351,0.007795360404998064,1.0]}},{"@class":"BoneInfo","index":38,"offset":{"values":[0.9999915957450867,-0.004058748483657837,0.0005314524751156569,0.0,-0.004053558688610792,-0.963809609413147,0.26656073331832888,0.0,-0.0005696840235032141,-0.2665606737136841,-0.9638180136680603,0.0,0.00001509553476353176,-0.002924680942669511,0.007795360404998064,1.0]}},{"@class":"BoneInfo","index":39,"offset":{"values":[1.0,1.4305157947092085e-8,6.914139589753177e-7,0.0,6.914139589753177e-7,5.960464477539063e-8,-0.9999999403953552,0.0,-1.4305155282556825e-8,0.9999997615814209,5.960463411724959e-8,0.0,-0.01884862780570984,-0.022366821765899659,-0.05407322943210602,1.0]}},{"@class":"BoneInfo","index":40,"offset":{"values":[1.0,1.4305157947092085e-8,6.914139589753177e-7,0.0,6.914139589753177e-7,5.960464477539063e-8,-0.9999999403953552,0.0,-1.4305155282556825e-8,0.9999997615814209,5.960463411724959e-8,0.0,-0.01884862780570984,-0.02545803040266037,-0.05407322943210602,1.0]}},{"@class":"BoneInfo","index":41,"offset":{"values":[-0.9782816171646118,0.2072804868221283,-0.0001518772915005684,0.0,-0.2068852186203003,-0.9764607548713684,-0.06101350858807564,0.0,-0.012795212678611279,-0.05965697020292282,0.9981368184089661,0.0,0.011087270453572274,-0.029221151024103166,-0.0018517712596803904,1.0]}},{"@class":"BoneInfo","index":42,"offset":{"values":[-0.9782816171646118,0.2072799801826477,-0.00015270755102392286,0.0,-0.20688466727733613,-0.9764608144760132,-0.06101403385400772,0.0,-0.012796102091670037,-0.059657320380210879,0.9981367588043213,0.0,0.011087283492088318,-0.03099038265645504,-0.0018517713760957122,1.0]}},{"@class":"BoneInfo","index":43,"offset":{"values":[-0.7821970582008362,0.6230100989341736,0.00508867809548974,0.0,-0.6216785907745361,-0.7799354791641235,-0.07222390174865723,0.0,-0.04102737829089165,-0.05965684354305267,0.9973751902580261,0.0,0.009456323459744454,-0.03009849414229393,-0.0016589091392233968,1.0]}},{"@class":"BoneInfo","index":44,"offset":{"values":[-0.782197117805481,0.6230100989341736,0.005088882055133581,0.0,-0.6216785311698914,-0.7799354791641235,-0.07222414016723633,0.0,-0.041027363389730456,-0.05965716391801834,0.9973751902580261,0.0,0.009456319734454155,-0.03186774253845215,-0.001658919150941074,1.0]}},{"@class":"BoneInfo","index":45,"offset":{"values":[0.7104170918464661,0.5304381847381592,0.4625396430492401,0.0,-0.48181793093681338,0.8456218242645264,-0.22972825169563294,0.0,-0.5129901170730591,-0.05965697392821312,0.8563186526298523,0.0,-0.003752375254407525,-0.029401183128356935,-0.004528807010501623,1.0]}},{"@class":"BoneInfo","index":46,"offset":{"values":[0.7104178071022034,0.5304365754127502,0.46254029870033266,0.0,-0.481816828250885,0.8456228375434876,-0.2297271192073822,0.0,-0.5129901766777039,-0.05965747684240341,0.8563186526298523,0.0,-0.0037524206563830377,-0.03117041476070881,-0.004528847988694906,1.0]}},{"@class":"BoneInfo","index":47,"offset":{"values":[0.39517784118652346,0.9020431041717529,0.17364531755447389,0.0,-0.9045575857162476,0.4150506258010864,-0.09751169383525849,0.0,-0.16003133356571198,-0.11853771656751633,0.9799687266349793,0.0,-0.001342595205642283,-0.030098222196102144,-0.004039055202156305,1.0]}},{"@class":"BoneInfo","index":48,"offset":{"values":[0.3951779305934906,0.9020430445671082,0.173645481467247,0.0,-0.9045575857162476,0.415050745010376,-0.09751154482364655,0.0,-0.1600312739610672,-0.11853789538145066,0.9799684286117554,0.0,-0.0013425947399809957,-0.03186746686697006,-0.004039061721414328,1.0]}},{"@class":"BoneInfo","index":49,"offset":{"values":[1.0,1.4305157947092085e-8,6.914139589753177e-7,0.0,6.914139589753177e-7,5.960464477539063e-8,-0.9999999403953552,0.0,-1.4305155282556825e-8,0.9999997615814209,5.960463411724959e-8,0.0,0.018811162561178209,-0.022366821765899659,-0.05407319962978363,1.0]}},{"@class":"BoneInfo","index":50,"offset":{"values":[1.0,1.4305157947092085e-8,6.914139589753177e-7,0.0,6.914139589753177e-7,5.960464477539063e-8,-0.9999999403953552,0.0,-1.4305155282556825e-8,0.9999997615814209,5.960463411724959e-8,0.0,0.018811162561178209,-0.02545803040266037,-0.05407319962978363,1.0]}},{"@class":"BoneInfo","index":51,"offset":{"values":[-0.9782817363739014,-0.20727959275245667,-0.0001573348417878151,0.0,0.20690350234508515,-0.9764603972434998,-0.06094931438565254,0.0,0.012479919008910656,-0.05965816229581833,0.9981405138969421,0.0,-0.011049986816942692,-0.029213344678282739,-0.0018553081899881363,1.0]}},{"@class":"BoneInfo","index":52,"offset":{"values":[-0.9782816171646118,-0.2072800248861313,-0.00015638815239071846,0.0,0.20690391957759858,-0.9764605164527893,-0.060948844999074939,0.0,0.012480774894356728,-0.0596575103700161,0.9981406927108765,0.0,-0.011049972847104073,-0.030982600525021554,-0.0018552792025730014,1.0]}},{"@class":"BoneInfo","index":53,"offset":{"values":[-0.7821977138519287,-0.6230091452598572,0.005088173318654299,0.0,0.6206853985786438,-0.7799360752105713,-0.08030764758586884,0.0,0.054000843316316608,-0.05965830385684967,0.9967567920684815,0.0,-0.009447773918509484,-0.030075091868638994,-0.0015359676908701659,1.0]}},{"@class":"BoneInfo","index":54,"offset":{"values":[-0.7821978330612183,-0.623009204864502,0.005088760983198881,0.0,0.6206853985786438,-0.7799361944198608,-0.08030720800161362,0.0,0.054001033306121829,-0.05965759977698326,0.9967569708824158,0.0,-0.009447777643799782,-0.03184434399008751,-0.0015359435928985477,1.0]}},{"@class":"BoneInfo","index":55,"offset":{"values":[0.7104182839393616,-0.5304354429244995,0.4625406861305237,0.0,0.40502089262008669,0.8456234335899353,0.34767627716064455,0.0,-0.5755550265312195,-0.059656959027051929,0.8155837059020996,0.0,0.005633161403238773,-0.029381249099969865,0.0015819476684555412,1.0]}},{"@class":"BoneInfo","index":56,"offset":{"values":[0.7104177474975586,-0.5304365754127502,0.46254023909568789,0.0,0.4050217270851135,0.8456226587295532,0.3476770520210266,0.0,-0.5755552649497986,-0.05965716391801834,0.8155838251113892,0.0,0.0056331274099648,-0.03115050308406353,0.0015819211257621647,1.0]}},{"@class":"BoneInfo","index":57,"offset":{"values":[0.39517760276794436,-0.9020434617996216,0.1736447960138321,0.0,0.6836063265800476,0.41504979133605959,0.6003463864326477,0.0,-0.6136097311973572,-0.1185387521982193,0.78066086769104,0.0,0.0038683651946485044,-0.030064355581998826,-0.0017493426566943527,1.0]}},{"@class":"BoneInfo","index":58,"offset":{"values":[0.39517712593078616,-0.9020435810089111,0.17364509403705598,0.0,0.6836066246032715,0.41504967212677,0.6003463268280029,0.0,-0.613609790802002,-0.11853815615177155,0.78066086769104,0.0,0.0038683435413986446,-0.03183361142873764,-0.0017493335762992502,1.0]}}]}