{"@class":"BaseSkinController","id":{"uuid":"C3F60481-0103-483E-ACB0-64793E498EA3"},"boneInfoCollection":[{"@class":"BoneInfo","index":0,"offset":{"values":[1.0,-1.7021843664948544e-14,-3.8941436741879445e-7,0.0,-3.8941436741879445e-7,-4.371138828673793e-8,-1.0,0.0,1.3473021285932465e-21,1.0,3.552713678800501e-15,0.0,-3.725290298461914e-9,-3.073364496231079e-8,1.4506814591477998e-15,1.0]}},{"@class":"BoneInfo","index":1,"offset":{"values":[-1.0,0.0,0.000005070362931292038,0.0,0.000005051656444265973,0.08582264930009842,0.9963105320930481,0.0,-4.351522022716381e-7,0.9963106513023377,-0.0858226865530014,0.0,-0.000005080283244751627,0.07953427731990814,-1.0026911497116089,1.0]}},{"@class":"BoneInfo","index":2,"offset":{"values":[1.0,1.7337180953022613e-12,-6.278505111367849e-7,0.0,6.271827146520081e-7,0.04480736330151558,0.9989919662475586,0.0,2.8130154205996406e-8,-0.9989957213401794,0.04480667784810066,0.0,-6.213447818481654e-7,-0.20958483219146729,-0.9837591648101807,1.0]}},{"@class":"BoneInfo","index":3,"offset":{"values":[1.0,2.5181547819164153e-11,-7.152935381782299e-7,0.0,5.375752039071813e-7,-0.6596481204032898,0.7515697479248047,0.0,-4.718287698324275e-7,-0.7515720129013062,-0.6596512794494629,0.0,-9.167473535853787e-7,0.09108392894268036,-1.2764722108840943,1.0]}},{"@class":"BoneInfo","index":4,"offset":{"values":[0.5215543508529663,0.7503032684326172,0.40623462200164797,0.0,0.837274432182312,-0.35846081376075747,-0.4128890335559845,0.0,-0.16417276859283448,0.555474042892456,-0.8151664733886719,0.0,-0.7520675659179688,-0.024896278977394105,0.45733049511909487,1.0]}},{"@class":"BoneInfo","index":5,"offset":{"values":[-0.7985292673110962,0.3891114592552185,0.4592866897583008,0.0,0.5287244915962219,0.8181137442588806,0.22614315152168275,0.0,-0.2877539396286011,0.42341798543930056,-0.8590202927589417,0.0,0.05124121904373169,-0.9165497422218323,-0.010025900788605214,1.0]}},{"@class":"BoneInfo","index":6,"offset":{"values":[-0.08063405752182007,0.2775222957134247,0.957329511642456,0.0,0.9398566484451294,-0.29866254329681399,0.165742427110672,0.0,0.3319156765937805,0.9131169319152832,-0.23674869537353517,0.0,-1.2783870697021485,-0.39714229106903078,-0.6434144973754883,0.9999999403953552]}},{"@class":"BoneInfo","index":7,"offset":{"values":[-0.0033828304149210455,-0.10730360448360443,0.9942207336425781,0.0,0.3365584909915924,-0.9363473653793335,-0.09991226345300675,0.0,0.9416568279266357,0.33427542448043826,0.039281539618968967,0.0,-1.2643438577651978,0.7719993591308594,-0.646525502204895,1.0]}},{"@class":"BoneInfo","index":8,"offset":{"values":[0.24017101526260377,0.9624330997467041,-0.12665130198001862,0.0,0.559570848941803,-0.2438735067844391,-0.7920896410942078,0.0,-0.7932205200195313,0.11936663836240769,-0.597121000289917,0.0,-0.3843742311000824,-0.03290657326579094,0.752019464969635,1.0]}},{"@class":"BoneInfo","index":9,"offset":{"values":[-0.7941446304321289,0.5279828906059265,-0.30094605684280398,0.0,0.398097425699234,0.826109766960144,0.3988249897956848,0.0,0.4591872990131378,0.19691872596740724,-0.8662393689155579,0.0,0.0170272383838892,-0.9024032354354858,0.014210143126547337,0.9999999403953552]}},{"@class":"BoneInfo","index":10,"offset":{"values":[-0.3420388996601105,0.7501145601272583,0.5659841895103455,0.0,0.611413300037384,-0.27972593903541567,0.7402213215827942,0.0,0.7135711908340454,0.5992347002029419,-0.36295294761657717,0.0,-0.6905750036239624,-0.44612258672714236,-1.2639074325561524,1.0]}},{"@class":"BoneInfo","index":11,"offset":{"values":[-0.03416679427027702,0.07484187185764313,0.996610164642334,0.0,0.16513948142528535,-0.9830622673034668,0.07948611676692963,0.0,0.9856786727905273,0.16729550063610078,0.02122863382101059,0.0,-0.6770704984664917,0.9310126900672913,-1.205928087234497,1.0]}},{"@class":"BoneInfo","index":12,"offset":{"values":[-0.2236102819442749,0.9469339847564697,-0.23090042173862458,0.0,-0.4520592987537384,-0.3106369078159332,-0.8361504077911377,0.0,-0.8635051846504211,-0.0825912356376648,0.4975317120552063,0.0,0.42899951338768008,0.03909837082028389,0.7219280004501343,1.0000001192092896]}},{"@class":"BoneInfo","index":13,"offset":{"values":[0.6573339700698853,0.5670188665390015,-0.4963889718055725,0.0,-0.3325539231300354,0.8093413710594177,0.48412230610847475,0.0,0.6762546300888062,-0.15315380692481996,0.7205719351768494,0.0,-0.0742611438035965,-0.8635774254798889,-0.10223566740751267,1.0]}},{"@class":"BoneInfo","index":14,"offset":{"values":[0.43142423033714297,0.8013324737548828,0.4144151210784912,0.0,-0.20838820934295655,-0.3584226965904236,0.910004198551178,0.0,0.8777515292167664,-0.47895729541778567,0.012356062419712544,0.0,-0.013449703343212605,-0.2931724488735199,-1.5041658878326417,1.0000001192092896]}},{"@class":"BoneInfo","index":15,"offset":{"values":[-0.5525969862937927,0.13623446226119996,0.8222389817237854,0.0,-0.03486280515789986,-0.9894649982452393,0.1405116319656372,0.0,0.8327193856239319,0.048980578780174258,0.5515247583389282,0.0,0.9106121063232422,0.977279543876648,-0.9505481719970703,0.9999999403953552]}},{"@class":"BoneInfo","index":16,"offset":{"values":[-0.36799970269203188,0.9252756237983704,0.09187685698270798,0.0,-0.9095981121063232,-0.3377338945865631,-0.2420068383216858,0.0,-0.1928931176662445,-0.1726294606924057,0.9659149646759033,0.0,0.7989138960838318,0.0628993883728981,0.297712117433548,1.0000001192092896]}},{"@class":"BoneInfo","index":17,"offset":{"values":[0.45577675104141238,0.45728421211242678,0.7636480331420898,0.0,-0.5314861536026001,0.8280203938484192,-0.17861828207969666,0.0,-0.713995635509491,-0.32445839047431948,0.6204329133033752,0.0,0.06706583499908447,-0.8653286695480347,-0.10623066872358322,0.9999998807907105]}},{"@class":"BoneInfo","index":18,"offset":{"values":[-0.03238571435213089,0.5103548765182495,0.85935378074646,0.0,-0.9047838449478149,-0.38026756048202517,0.19173645973205567,0.0,0.4246380031108856,-0.771320104598999,0.47407618165016177,0.0,1.2491052150726319,-0.17138050496578217,-0.6657118201255798,0.9999999403953552]}},{"@class":"BoneInfo","index":19,"offset":{"values":[-0.31002277135849,0.06782035529613495,0.9483069777488709,0.0,-0.22735930979251862,-0.9737997651100159,-0.00468528363853693,0.0,0.9231436848640442,-0.21705910563468934,0.3173196315765381,0.0,1.0487178564071656,0.8631982207298279,-0.6219715476036072,1.0]}},{"@class":"BoneInfo","index":20,"offset":{"values":[-0.7555211186408997,0.016912639141082765,0.6549058556556702,0.0,0.1801302433013916,-0.9557734131813049,0.23248672485351563,0.0,0.6298736929893494,0.2936170697212219,0.7190606594085693,0.0,-0.438625693321228,0.8064579963684082,-0.7232819199562073,0.9999999403953552]}},{"@class":"BoneInfo","index":21,"offset":{"values":[-0.7555209398269653,-0.01691257953643799,-0.6549060940742493,0.0,-0.18013039231300355,-0.9557734727859497,0.23248662054538728,0.0,-0.6298739314079285,0.2936170697212219,0.7190605401992798,0.0,0.4386259913444519,0.8064581155776978,-0.723281741142273,1.0]}},{"@class":"BoneInfo","index":22,"offset":{"values":[0.5215541124343872,-0.750303328037262,-0.40623465180397036,0.0,-0.8372745513916016,-0.35846078395843508,-0.4128890633583069,0.0,0.16417287290096284,0.5554739832878113,-0.8151664137840271,0.0,0.7520674467086792,-0.0248964074999094,0.45733052492141726,1.0]}},{"@class":"BoneInfo","index":23,"offset":{"values":[-0.7985290884971619,-0.38911131024360659,-0.4592866003513336,0.0,-0.5287244319915772,0.8181138038635254,0.22614313662052155,0.0,0.2877539396286011,0.4234178066253662,-0.8590201735496521,0.0,-0.0512411966919899,-0.9165496230125427,-0.01002589613199234,1.0]}},{"@class":"BoneInfo","index":24,"offset":{"values":[-0.08063419908285141,-0.277522474527359,-0.957329511642456,0.0,-0.9398566484451294,-0.29866254329681399,0.16574251651763917,0.0,-0.3319156765937805,0.913116991519928,-0.23674866557121278,0.0,1.2783867120742798,-0.3971424102783203,-0.6434146165847778,1.0]}},{"@class":"BoneInfo","index":25,"offset":{"values":[-0.0033828788436949255,0.10730349272489548,-0.9942207932472229,0.0,-0.33655840158462527,-0.9363474249839783,-0.0999121367931366,0.0,-0.9416568279266357,0.3342752456665039,0.03928167745471001,0.0,1.2643433809280396,0.7719992399215698,-0.6465257406234741,1.0]}},{"@class":"BoneInfo","index":26,"offset":{"values":[0.24017101526260377,-0.9624334573745728,0.126651331782341,0.0,-0.5595709681510925,-0.2438734769821167,-0.7920897603034973,0.0,0.7932204604148865,0.1193665936589241,-0.5971210598945618,0.0,0.3843742907047272,-0.032906681299209598,0.7520195245742798,1.0000001192092896]}},{"@class":"BoneInfo","index":27,"offset":{"values":[-0.7941447496414185,-0.5279830694198608,0.3009461760520935,0.0,-0.3980973958969116,0.8261098265647888,0.3988249897956848,0.0,-0.4591872990131378,0.1969188004732132,-0.8662391901016235,0.0,-0.017027242109179498,-0.9024034142494202,0.014210144989192486,0.9999999403953552]}},{"@class":"BoneInfo","index":28,"offset":{"values":[-0.3420388102531433,-0.7501146793365479,-0.5659842491149902,0.0,-0.611413300037384,-0.2797258496284485,0.740221381187439,0.0,-0.7135711312294006,0.5992345809936523,-0.3629527986049652,0.0,0.6905750036239624,-0.44612258672714236,-1.263907551765442,1.0]}},{"@class":"BoneInfo","index":29,"offset":{"values":[-0.034166693687438968,-0.07484171539545059,-0.9966102838516235,0.0,-0.1651393473148346,-0.983062207698822,0.07948610931634903,0.0,-0.985678493976593,0.1672953963279724,0.021228551864624025,0.0,0.6770703792572022,0.9310128092765808,-1.2059282064437867,1.0]}},{"@class":"BoneInfo","index":30,"offset":{"values":[-0.22361020743846894,-0.9469337463378906,0.23090028762817384,0.0,0.4520593285560608,-0.31063660979270937,-0.8361502289772034,0.0,0.8635051250457764,-0.08259101957082749,0.4975319802761078,0.0,-0.42899951338768008,0.03909817710518837,0.7219278812408447,1.0]}},{"@class":"BoneInfo","index":31,"offset":{"values":[0.6573336124420166,-0.5670187473297119,0.4963890016078949,0.0,0.33255383372306826,0.8093414306640625,0.4841221272945404,0.0,-0.67625492811203,-0.1531539112329483,0.7205716371536255,0.0,0.07426109164953232,-0.8635774850845337,-0.10223549604415894,1.0]}},{"@class":"BoneInfo","index":32,"offset":{"values":[0.4314242899417877,-0.8013319373130798,-0.41441500186920168,0.0,0.20838841795921327,-0.3584226965904236,0.9100038409233093,0.0,-0.8777514696121216,-0.4789571166038513,0.012355965562164784,0.0,0.013449576683342457,-0.2931719720363617,-1.5041654109954835,1.0]}},{"@class":"BoneInfo","index":33,"offset":{"values":[-0.5525967478752136,-0.1362345814704895,-0.8222388625144959,0.0,0.034862812608480456,-0.9894647598266602,0.140511617064476,0.0,-0.8327192664146423,0.04898086562752724,0.5515250563621521,0.0,-0.9106117486953735,0.9772791862487793,-0.9505480527877808,1.0]}},{"@class":"BoneInfo","index":34,"offset":{"values":[-0.3679996430873871,-0.9252755641937256,-0.09187694638967514,0.0,0.9095978736877441,-0.33773374557495119,-0.24200671911239625,0.0,0.19289301335811616,-0.17262952029705048,0.9659149050712586,0.0,-0.7989136576652527,0.06289923936128617,0.2977119982242584,1.0]}},{"@class":"BoneInfo","index":35,"offset":{"values":[0.4557768404483795,-0.45728427171707156,-0.7636480927467346,0.0,0.5314862132072449,0.8280202746391296,-0.17861835658550263,0.0,0.713995635509491,-0.3244584798812866,0.6204329133033752,0.0,-0.06706582754850388,-0.8653286695480347,-0.10623052716255188,1.0]}},{"@class":"BoneInfo","index":36,"offset":{"values":[-0.03238566964864731,-0.5103549957275391,-0.8593537211418152,0.0,0.9047836065292358,-0.38026732206344607,0.1917363852262497,0.0,-0.42463794350624087,-0.7713199853897095,0.4740760624408722,0.0,-1.2491052150726319,-0.17138071358203889,-0.6657117605209351,1.0]}},{"@class":"BoneInfo","index":37,"offset":{"values":[-0.3100227415561676,-0.06782033294439316,-0.9483070373535156,0.0,0.2273591011762619,-0.973799467086792,-0.004685199819505215,0.0,-0.9231435060501099,-0.21705885231494904,0.3173195421695709,0.0,-1.0487176179885865,0.8631981611251831,-0.6219717264175415,1.0]}}]}