{"@class":"Character","id":{"uuid":"9BF949CB-0AE4-4183-B687-6D495717080E"},"airJumpIsActive":true,"maxStableSlopeAngle":45.0,"maxStableMoveSpeed":3.200000047683716,"stableMovementSharpness":0.05000000074505806,"maxAirMoveSpeed":6.0,"airAccelerationSpeed":0.10000000149011612,"rotationSpeed":0.10000000149011612,"allowJumpingWhenSliding":true,"allowWallJump":true,"jumpSpeed":1.5,"airJumpSpeed":0.0,"wallJumpSpeed":1.0,"crouchHeight":2.9000000953674318,"crouchSpeed":2.4000000953674318,"slideSpeed":12.0,"wallHangSpeed":-1.0,"maxStepHeight":0.5,"ladderClimbingSpeed":6.0,"ladderGrabSpeed":6.0,"discreteRotationAngle":90.0,"isDiscreteRotation":false,"body":[{"@class":"BaseNode","object3D":{"@class":"BaseObject3D","id":{"uuid":"B2170EB5-1DCB-4BCB-B239-768061E6F0CE"},"name":"MainCharacter Body","enabled":false,"visible":true,"hitVisible":true,"colliders":[{"@class":"BaseComponentCollider","colliderId":{"uuid":"5EDB4AE8-DD68-4855-9F23-ACA5CB5648D4"}}],"rigidBody":{"@class":"BaseComponentPhysBody","rigidBodyId":{"uuid":"2B706D78-6537-45FD-B210-BCE87082DBD7"},"isEnabled":true},"transform":{"@class":"BaseComponentTransformable","localTransforms":{"values":[0.49999988079071047,0.0,0.0,0.0,0.0,0.49999988079071047,0.0,0.0,0.0,0.0,0.49999988079071047,0.0,0.0,0.0,0.0,1.0]}},"metadata":{"importedIdentifier":"","importedName":"","isBone":false}},"children":["D73C28B7-2A98-49C6-A617-6A23C71CA459","F5B35B2C-BD75-43BA-AD63-8FC59DCFDD67","C2475975-6DBB-43C9-B67E-301A4B11F1B2","94519A7D-63AB-43F3-9CDC-AD76CF9D1A93","E508DAEF-2CC3-4A73-BBFA-6668DD7E97DB"]},{"@class":"BaseNode","color_index":0,"object3D":{"@class":"BaseObject3D","id":{"uuid":"D73C28B7-2A98-49C6-A617-6A23C71CA459"},"name":"Animations - Dummy","enabled":true,"visible":true,"hitVisible":true,"transform":{"@class":"BaseComponentTransformable","localTransforms":{"values":[1.0,0.0,0.0,0.0,0.0,1.0,0.0,0.0,0.0,0.0,1.0,0.0,0.0,0.0,0.0,1.0]}},"metadata":{"importedIdentifier":"","importedName":"","isBone":false}},"children":["F3E41540-6B36-47A3-A421-03F6B71119F0","DBC1E880-65AD-4E4A-BB7B-6F6DA8AEB25A","9904DE99-A1F6-47DC-92F0-758FFE06FA33","7F5DCFC5-3797-4C00-A587-B990EEA67D29","DC63E48A-ADE0-4AA7-B5F3-1ED73B67ED5D","4E1A16CB-0603-4819-B95E-F3114E204AA2","25A775AB-D978-43B5-AE51-18F89A1366E7","0591AECD-EB14-48D8-846F-39C4AC9350C6","FCFAD081-0CAB-45D3-B436-B053B41AA211","A3333279-06AD-41B7-9790-701F49070F18","998D8E1E-9FD5-4E4D-9ACF-7EDA2AE48683","74013B71-8776-417D-AA06-2016EEEA42CC","F544829E-7CEF-42ED-B05F-353C0AE88F07","8FB74F00-0C92-4F52-8297-CC69FB9F8508","58412057-00A7-49E6-BB6B-8A2ED63A51C8","0BD373C1-3DC5-484F-9CBC-88891757DB9F","65E364D1-FB1E-4597-9E1B-EE3EC3370877","AB3DDD6A-FE8F-4307-9B6D-225A0A8BDB63"]},{"@class":"BaseNode","object3D":{"@class":"BaseObject3D","id":{"uuid":"F3E41540-6B36-47A3-A421-03F6B71119F0"},"name":"Idle","enabled":true,"visible":true,"hitVisible":true,"timeline":{"@class":"BaseComponentTimeline","timelineId":{"uuid":"DE583BDC-0F03-49F8-9C80-1D8CA2447204"}},"transform":{"@class":"BaseComponentTransformable","localTransforms":{"values":[1.0,0.0,0.0,0.0,0.0,1.0,0.0,0.0,0.0,0.0,1.0,0.0,0.0,0.0,0.0,1.0]}},"metadata":{"importedIdentifier":"","importedName":"","isBone":false}}},{"@class":"BaseNode","object3D":{"@class":"BaseObject3D","id":{"uuid":"DBC1E880-65AD-4E4A-BB7B-6F6DA8AEB25A"},"name":"Walk_Wood","enabled":true,"visible":true,"hitVisible":true,"timeline":{"@class":"BaseComponentTimeline","timelineId":{"uuid":"4FDA2FF1-20B6-49FB-BC4A-8C9E9280A15D"}},"transform":{"@class":"BaseComponentTransformable","localTransforms":{"values":[1.0,0.0,0.0,0.0,0.0,1.0,0.0,0.0,0.0,0.0,1.0,0.0,0.0,0.0,0.0,1.0]}},"metadata":{"importedIdentifier":"","importedName":"","isBone":false}}},{"@class":"BaseNode","object3D":{"@class":"BaseObject3D","id":{"uuid":"9904DE99-A1F6-47DC-92F0-758FFE06FA33"},"name":"Walk_Soil","enabled":true,"visible":true,"hitVisible":true,"timeline":{"@class":"BaseComponentTimeline","timelineId":{"uuid":"6C74A586-29D9-4FD9-9653-3343BBFF746C"}},"transform":{"@class":"BaseComponentTransformable","localTransforms":{"values":[1.0,0.0,0.0,0.0,0.0,1.0,0.0,0.0,0.0,0.0,1.0,0.0,0.0000019073486328125,0.0,0.0,1.0]}},"metadata":{"importedIdentifier":"","importedName":"","isBone":false}}},{"@class":"BaseNode","object3D":{"@class":"BaseObject3D","id":{"uuid":"7F5DCFC5-3797-4C00-A587-B990EEA67D29"},"name":"Walk_Soil_Torch","enabled":true,"visible":true,"hitVisible":true,"timeline":{"@class":"BaseComponentTimeline","timelineId":{"uuid":"8C8373AB-D6D9-4105-AE15-4C54CDB7F871"}},"transform":{"@class":"BaseComponentTransformable","localTransforms":{"values":[1.0,0.0,0.0,0.0,0.0,1.0,0.0,0.0,0.0,0.0,1.0,0.0,0.000003814697265625,0.0,0.0,1.0]}},"metadata":{"importedIdentifier":"","importedName":"","isBone":false}}},{"@class":"BaseNode","object3D":{"@class":"BaseObject3D","id":{"uuid":"DC63E48A-ADE0-4AA7-B5F3-1ED73B67ED5D"},"name":"Walk_Mud","enabled":true,"visible":true,"hitVisible":true,"timeline":{"@class":"BaseComponentTimeline","timelineId":{"uuid":"4D8DD47D-8A06-45ED-B89C-742F11807042"}},"transform":{"@class":"BaseComponentTransformable","localTransforms":{"values":[1.0,0.0,0.0,0.0,0.0,1.0,0.0,0.0,0.0,0.0,1.0,0.0,0.000003814697265625,0.0,0.0,1.0]}},"metadata":{"importedIdentifier":"","importedName":"","isBone":false}}},{"@class":"BaseNode","object3D":{"@class":"BaseObject3D","id":{"uuid":"4E1A16CB-0603-4819-B95E-F3114E204AA2"},"name":"Walk_Grass","enabled":true,"visible":true,"hitVisible":true,"timeline":{"@class":"BaseComponentTimeline","timelineId":{"uuid":"DA80A625-696A-408F-92EA-204F42BEC03C"}},"transform":{"@class":"BaseComponentTransformable","localTransforms":{"values":[1.0,0.0,0.0,0.0,0.0,1.0,0.0,0.0,0.0,0.0,1.0,0.0,0.0000057220458984375,0.0,0.0,1.0]}},"metadata":{"importedIdentifier":"","importedName":"","isBone":false}}},{"@class":"BaseNode","object3D":{"@class":"BaseObject3D","id":{"uuid":"25A775AB-D978-43B5-AE51-18F89A1366E7"},"name":"Fall","enabled":true,"visible":true,"hitVisible":true,"timeline":{"@class":"BaseComponentTimeline","timelineId":{"uuid":"A737F701-8104-4A45-9263-0FFDCE498865"}},"transform":{"@class":"BaseComponentTransformable","localTransforms":{"values":[1.0,0.0,0.0,0.0,0.0,1.0,0.0,0.0,0.0,0.0,1.0,0.0,0.0,0.0,0.0,1.0]}},"metadata":{"importedIdentifier":"","importedName":"","isBone":false}}},{"@class":"BaseNode","object3D":{"@class":"BaseObject3D","id":{"uuid":"0591AECD-EB14-48D8-846F-39C4AC9350C6"},"name":"Jump","enabled":true,"visible":true,"hitVisible":true,"timeline":{"@class":"BaseComponentTimeline","timelineId":{"uuid":"B8D6A8DF-5C12-4DDB-80E2-42F8D8458150"}},"transform":{"@class":"BaseComponentTransformable","localTransforms":{"values":[1.0,0.0,0.0,0.0,0.0,1.0,0.0,0.0,0.0,0.0,1.0,0.0,0.0,0.0,0.0,1.0]}},"metadata":{"importedIdentifier":"","importedName":"","isBone":false}}},{"@class":"BaseNode","object3D":{"@class":"BaseObject3D","id":{"uuid":"FCFAD081-0CAB-45D3-B436-B053B41AA211"},"name":"Double jump","enabled":false,"visible":true,"hitVisible":true,"timeline":{"@class":"BaseComponentTimeline","timelineId":{"uuid":"9E9B20F5-B491-407B-95FA-8439C4A997F3"}},"transform":{"@class":"BaseComponentTransformable","localTransforms":{"values":[1.0,0.0,0.0,0.0,0.0,1.0,0.0,0.0,0.0,0.0,1.0,0.0,0.0,0.0,0.0,1.0]}},"metadata":{"importedIdentifier":"","importedName":"","isBone":false}}},{"@class":"BaseNode","object3D":{"@class":"BaseObject3D","id":{"uuid":"A3333279-06AD-41B7-9790-701F49070F18"},"name":"Hang on wall","enabled":false,"visible":true,"hitVisible":true,"timeline":{"@class":"BaseComponentTimeline","timelineId":{"uuid":"5911D7EE-DBF5-4719-BDC7-42AB62E8DC40"}},"transform":{"@class":"BaseComponentTransformable","localTransforms":{"values":[1.0,0.0,0.0,0.0,0.0,1.0,0.0,0.0,0.0,0.0,1.0,0.0,0.0,0.0,0.0,1.0]}},"metadata":{"importedIdentifier":"","importedName":"","isBone":false}}},{"@class":"BaseNode","object3D":{"@class":"BaseObject3D","id":{"uuid":"998D8E1E-9FD5-4E4D-9ACF-7EDA2AE48683"},"name":"Climb up wall","enabled":false,"visible":true,"hitVisible":true,"timeline":{"@class":"BaseComponentTimeline","timelineId":{"uuid":"524332C3-C598-4B0C-8B49-3B8C18AFEC29"}},"transform":{"@class":"BaseComponentTransformable","localTransforms":{"values":[1.0,0.0,0.0,0.0,0.0,1.0,0.0,0.0,0.0,0.0,1.0,0.0,0.0,0.0,0.0,1.0]}},"metadata":{"importedIdentifier":"","importedName":"","isBone":false}}},{"@class":"BaseNode","object3D":{"@class":"BaseObject3D","id":{"uuid":"74013B71-8776-417D-AA06-2016EEEA42CC"},"name":"Crouch","enabled":false,"visible":true,"hitVisible":true,"timeline":{"@class":"BaseComponentTimeline","timelineId":{"uuid":"9A139193-52C4-48B2-9DE2-24C09D19A1FB"}},"transform":{"@class":"BaseComponentTransformable","localTransforms":{"values":[1.0,0.0,0.0,0.0,0.0,1.0,0.0,0.0,0.0,0.0,1.0,0.0,0.0,0.0,0.0,1.0]}},"metadata":{"importedIdentifier":"","importedName":"","isBone":false}}},{"@class":"BaseNode","object3D":{"@class":"BaseObject3D","id":{"uuid":"F544829E-7CEF-42ED-B05F-353C0AE88F07"},"name":"Crouch walk","enabled":false,"visible":true,"hitVisible":true,"timeline":{"@class":"BaseComponentTimeline","timelineId":{"uuid":"2DE2769D-0AD3-4896-9B38-F748981FB69B"}},"transform":{"@class":"BaseComponentTransformable","localTransforms":{"values":[1.0,0.0,0.0,0.0,0.0,1.0,0.0,0.0,0.0,0.0,1.0,0.0,0.0,0.0,0.0,1.0]}},"metadata":{"importedIdentifier":"","importedName":"","isBone":false}}},{"@class":"BaseNode","object3D":{"@class":"BaseObject3D","id":{"uuid":"8FB74F00-0C92-4F52-8297-CC69FB9F8508"},"name":"Idle to Crouch","enabled":false,"visible":true,"hitVisible":true,"timeline":{"@class":"BaseComponentTimeline","timelineId":{"uuid":"7E7BB197-59BF-4C80-A16B-113B653E3A8D"}},"transform":{"@class":"BaseComponentTransformable","localTransforms":{"values":[1.0,0.0,0.0,0.0,0.0,1.0,0.0,0.0,0.0,0.0,1.0,0.0,0.0,0.0,0.0,1.0]}},"metadata":{"importedIdentifier":"","importedName":"","isBone":false}}},{"@class":"BaseNode","object3D":{"@class":"BaseObject3D","id":{"uuid":"58412057-00A7-49E6-BB6B-8A2ED63A51C8"},"name":"Crouch to Idle","enabled":false,"visible":true,"hitVisible":true,"timeline":{"@class":"BaseComponentTimeline","timelineId":{"uuid":"4BFD7601-DA2B-47E0-9B6C-CEAC164E145D"}},"transform":{"@class":"BaseComponentTransformable","localTransforms":{"values":[1.0,0.0,0.0,0.0,0.0,1.0,0.0,0.0,0.0,0.0,1.0,0.0,0.0,0.0,0.0,1.0]}},"metadata":{"importedIdentifier":"","importedName":"","isBone":false}}},{"@class":"BaseNode","object3D":{"@class":"BaseObject3D","id":{"uuid":"0BD373C1-3DC5-484F-9CBC-88891757DB9F"},"name":"Walk to Crouch walk","enabled":false,"visible":true,"hitVisible":true,"timeline":{"@class":"BaseComponentTimeline","timelineId":{"uuid":"F6DFA8D2-799A-45F7-B983-EE9C200CA422"}},"transform":{"@class":"BaseComponentTransformable","localTransforms":{"values":[1.0,0.0,0.0,0.0,0.0,1.0,0.0,0.0,0.0,0.0,1.0,0.0,0.0,0.0,0.0,1.0]}},"metadata":{"importedIdentifier":"","importedName":"","isBone":false}}},{"@class":"BaseNode","object3D":{"@class":"BaseObject3D","id":{"uuid":"65E364D1-FB1E-4597-9E1B-EE3EC3370877"},"name":"Crouch walk to Walk","enabled":false,"visible":true,"hitVisible":true,"timeline":{"@class":"BaseComponentTimeline","timelineId":{"uuid":"B88AED32-4338-4FD4-B64E-7AE830692919"}},"transform":{"@class":"BaseComponentTransformable","localTransforms":{"values":[1.0,0.0,0.0,0.0,0.0,1.0,0.0,0.0,0.0,0.0,1.0,0.0,0.0,0.0,0.0,1.0]}},"metadata":{"importedIdentifier":"","importedName":"","isBone":false}}},{"@class":"BaseNode","object3D":{"@class":"BaseObject3D","id":{"uuid":"AB3DDD6A-FE8F-4307-9B6D-225A0A8BDB63"},"name":"Slide","enabled":true,"visible":true,"hitVisible":true,"timeline":{"@class":"BaseComponentTimeline","timelineId":{"uuid":"61D8C37F-AA8D-46FD-90DE-218214B90947"}},"transform":{"@class":"BaseComponentTransformable","localTransforms":{"values":[1.0,0.0,0.0,0.0,0.0,1.0,0.0,0.0,0.0,0.0,1.0,0.0,0.0,0.0,0.0,1.0]}},"metadata":{"importedIdentifier":"","importedName":"","isBone":false}}},{"@class":"BaseNode","object3D":{"@class":"BaseObject3D","id":{"uuid":"F5B35B2C-BD75-43BA-AD63-8FC59DCFDD67"},"name":"GG_Girl","enabled":true,"visible":true,"hitVisible":true,"transform":{"@class":"BaseComponentTransformable","localTransforms":{"values":[-0.0006978511810302734,-1.0538962758044335e-10,-1.9999998807907105,0.0,-1.838807392755184e-14,2.000000476837158,-1.0538965533601896e-10,0.0,1.9999998807907105,-1.8388068845354156e-14,-0.0006978511810302734,0.0,0.0,0.0,0.0,1.0]}},"metadata":{"importedIdentifier":"RootNode","importedName":"RootNode","isBone":false}},"children":["4BBDA39A-E36C-48B6-BF84-D790C2360894","E617C364-95CE-4AF6-827C-719912FD7EB1","4F212A17-F8FC-4BA3-B519-E4165D21C584","DCC0F129-47BB-45CC-AB4A-89249F0A73A5","BA761FF5-884E-4D06-8EA6-5AB01E932849","10EB100A-9A72-4FE2-816D-A57946DCC9C7","3DD00426-7767-47CE-857D-72651A4A3188","F059CEBA-12ED-4B92-B6F2-4A93D49F25F9","1BEBCA88-14F1-4F9D-A1AF-6E749473EFEA","09C99EAE-81CD-488A-98F9-9B2152E9A5D4","DD7A5314-5F6D-462A-9BFA-0FB0D1A7D0C4","4F7311C9-21B0-4FD9-AE1E-358E25821255","847AB01C-E3EB-4965-A6E4-166601C9C1F3","207589AC-965D-452F-8156-84907C223096","04313EEE-5509-4B0D-BC14-5B0999562777","6B0D5D64-2823-4350-ADEC-8BBA9055EEFF","1E303D86-D9BE-4E3A-9FD4-EF6BA7192F48","6636B8B2-5ADF-49B8-94CA-D87B0DC83F4D","B1618270-C35C-44C9-8BC8-C6E2AE80DE78","94D4CF33-FD71-4049-9DB5-5FC026CF1178","94D78D86-4C2A-4E37-8A7A-F7D643444F8C","4D80BF67-135E-48C1-8CBE-213AEAC731B1","12A4126A-9771-4A7B-ADEA-39C763C122AE","513DF3FE-7A7E-40D8-A281-43BFF2367363","CD0213E9-D926-41B1-AE8E-AF1A3DC8A58F","A463E35A-B5B5-4FD8-A4BB-434539CDDFA4","3701E119-F646-4BAC-990C-49021EB437B2","593EF7B8-FAEF-4620-A7B6-E0EBCF2D7E27","A43D3D86-BA68-4848-ABA2-47D3A067EDE8","58F08C74-168C-487A-B3CB-39BA649E5677","793B2A7C-2996-4302-AE7A-B5AAE865C139","9EF796EB-7390-4105-BD7A-AA63FDAD1FF9","19B80C85-4AF7-4D87-8B61-24A823628DF9","35ADC428-A993-4670-9FCB-44904DC018AF","ED693E24-B8C0-4EB5-BAAC-4F793EC02D37","F8A1248D-B519-40A2-9C6D-35981E66FBEF","C0A7CF0B-942C-4DD5-BBEB-C37F13C0D705","7FBE1364-B8F6-430F-89EB-300BCB155B16","40C538F0-CFB2-44A6-B14C-A4DCC591B6FB","FE9DA1DC-80EF-4403-8FD0-5B27B09FADEE","FA301F74-CA29-4B9A-9913-51F2BF991B22","62A9EB2D-E100-4E71-9D34-4BDDEBE8F59F","6A4196B4-F63D-4999-A7AF-E79D01F130B9","E10C971E-9B9E-4A79-BA5E-E08F35DF91C3","BDBBBAD9-55A9-4999-8CFB-250AD21F7AA6","290B720F-C192-479A-AE84-1A97BEB02E1E","82C0B6F1-889B-4CCD-A977-E046DFA9BE5D","A395E4CC-7CCE-4645-B094-D8D540746380","70691FE1-A12F-42B8-BCA7-7C95923CE22E","CEE76BFA-8BAD-4C6B-AB1C-62E60B07EC72","19CBD151-C395-4910-B858-6B5E542F26DB","FD194B61-F93D-4695-8B66-0635D367BC37","419E0F9A-DD25-4F64-A4D2-2E0D6C62479C","04E9124E-82FE-49F4-92EA-733D1D324C34","9B9412F6-7380-40BE-80F0-BA18A3311CE2","4E83DF0C-96DD-4DC1-BA50-1BF76B3F5BAE","5DD71AE1-000D-429F-A9DD-71BFB387E039","CF459698-62C0-44C0-A492-01BD9B253379","2D1862D5-6C3D-421D-81C9-BB4B3E7F17EB","10234316-74B3-4C9B-85E8-194FD4DDAB01","A6CEB3CF-D5A4-4D24-8402-74CBDE887B32","E4126325-8C50-48BE-A850-C178E46FE65B","02DB7643-A941-4AB4-A967-C1B9221B8DDB","89E442D5-796E-4BAC-BDB4-2D94398FC548","D2B94B73-007F-4D08-A001-E1BD1ECCDC45","8FB3C0B7-4284-4AF9-B747-24DF79415D9A","26221D2B-36CD-4642-8C90-DBAFC1F659E9","9CFE31F5-9428-4152-BCD6-7C749F406C03","ACB9E4A7-2082-4BE4-B8D7-7DAEF92896F8","4C88D13D-C22E-4748-9B83-D93B2510FA37","2975F741-FC2E-452A-B549-4900C18249B6","16709F2D-A09E-48CA-A94D-AF53F372B73F"]},{"@class":"BaseNode","object3D":{"@class":"BaseObject3D","id":{"uuid":"4BBDA39A-E36C-48B6-BF84-D790C2360894"},"name":"GG_girl_body","enabled":true,"visible":true,"hitVisible":true,"transform":{"@class":"BaseComponentTransformable","localTransforms":{"values":[1.0,0.0,0.0,0.0,0.0,-1.6292068494294654e-7,-1.0,0.0,0.0,1.0,-1.6292068494294654e-7,0.0,0.0,0.0,0.0,1.0]}},"metadata":{"importedIdentifier":"","importedName":"","isBone":false}},"children":["7B907037-986F-4586-801F-85E9E22EBB18","50427BC0-0B23-4012-AD48-A11BDCC2D831"]},{"@class":"BaseNode","object3D":{"@class":"BaseObject3D","id":{"uuid":"7B907037-986F-4586-801F-85E9E22EBB18"},"name":"GG_girl_body","enabled":true,"visible":true,"hitVisible":true,"geometry":{"@class":"BaseComponentGeometry","meshId":{"uuid":"0DC71E63-C20A-4E4D-8CF2-71C03C227145"},"skinControllerId":{"uuid":"A7720A8A-4606-43A1-A7D2-D58A8D65BB5A"},"skeleton":[{"uuid":"6E820884-87F8-4FDF-896B-DDAB14050456"},{"uuid":"5C20438B-3256-40D5-B6F4-A909F4E898AF"},{"uuid":"854CA763-7768-44A6-8E2A-124C64F3208A"},{"uuid":"71ABD15F-D5B6-4B57-852E-2E46318F1AB8"},{"uuid":"42D31088-D8CA-4F9B-B66B-831E894B2B29"},{"uuid":"A8EC46E2-2D75-469C-9BBE-98F43F376C1D"},{"uuid":"76651B10-F29D-4F3D-BA7F-74F6D62DB653"},{"uuid":"BC4F34A0-3E69-4125-848A-2D5081ED2E0B"},{"uuid":"0F23DA18-614F-4C90-8BE8-3D9E5231CE31"},{"uuid":"AE700C70-395A-4EDC-8A25-15F79940D6D6"},{"uuid":"4F301305-F6A8-4A1E-BF51-BF2A7B63BFE1"},{"uuid":"AC7F6084-DEB3-4B67-8ADB-830F80B92A08"},{"uuid":"091EC288-D456-4758-A64F-F0D755F82319"},{"uuid":"C3DD05CA-2253-4586-A284-6DA463F08FEF"},{"uuid":"9C92CE52-94D9-42A1-8727-4D2B2DF6D025"},{"uuid":"0AB35156-C5C5-464D-B25F-EBE902DBA19C"},{"uuid":"B7DE0E8E-950B-4801-ABEB-052790EEE51D"},{"uuid":"BD8053BD-0739-4FCB-98B9-C945C815C298"},{"uuid":"7D3230BA-0EA1-4071-8DBB-10D5CBCB5BF0"},{"uuid":"761EEDF6-32E2-4513-9DFB-6684711361FF"},{"uuid":"AF239B32-FF92-449E-BEB5-7DFCECBC0E81"},{"uuid":"046FF432-FE1F-49FC-A7C8-C71BFE98B92F"},{"uuid":"03960BF4-1E7B-449A-AD58-282197135C16"},{"uuid":"825B480C-C6E9-42A1-B5AC-8B882E1D602E"},{"uuid":"7F0AAD01-E8D7-4BCF-B878-ACED4DC7E09A"},{"uuid":"A2C538D6-757A-4FA0-8989-25728F5E6DA2"},{"uuid":"6A06213E-E362-41C5-9216-4E2BFEDED6B4"},{"uuid":"27A96864-25D0-4C94-BC39-C2CF76D5C10E"},{"uuid":"797CDD86-263E-4406-A0D8-CD33F1CA0F89"},{"uuid":"1C206A09-5E64-4EBA-B87F-669DDE13EDBE"},{"uuid":"4527914E-4867-4999-9AA5-A80E6E4B963E"},{"uuid":"4F9B56F9-29A5-4D23-87C2-8FD991417E18"},{"uuid":"5C76C4AE-74B0-4C34-AF27-B87D78B4687E"},{"uuid":"48F05C25-2825-416C-A886-2CD9B984F106"},{"uuid":"CFA8ACE1-2417-473F-8129-67E967429708"},{"uuid":"77861300-797D-496C-8370-BE2C8757D929"},{"uuid":"3C5FE383-FF8A-45B2-A0C1-E99900189E4F"},{"uuid":"078BE1F9-43AB-46DB-BE23-A3B5DEBA99BA"},{"uuid":"9220C988-47D3-48B2-B109-D0BF37E8E267"},{"uuid":"127E07B5-D37B-43AD-ACE8-81570FC15069"},{"uuid":"50C3EBD0-91D1-4334-8802-5D120A6605AA"},{"uuid":"6DEFBDB3-234D-415C-91B0-2A1FB009C84D"},{"uuid":"785F92A8-D1D3-4DA1-8DB4-73167DF11E4C"},{"uuid":"8A875A49-CB08-47A9-BE48-BA4CDD83474C"},{"uuid":"11DF2DF2-0A5E-481D-A73F-DE6B5DB75897"},{"uuid":"722CEAD7-60A8-4C58-A01A-D0ACE1C0069D"},{"uuid":"D16E8E7E-2FFF-4868-B4AE-09ECA70BC1FE"},{"uuid":"77D465E8-EDED-4AF5-83D7-4227B68E8B17"},{"uuid":"6E5061D3-5BCC-4ACB-ABF8-502D82DB8849"},{"uuid":"543BB55D-4584-4CE7-9CAE-E83B7B845E6A"},{"uuid":"F15E3650-022D-4727-91EE-69EB0372538C"},{"uuid":"8C772F67-A3B4-4168-AA04-9766E2D73B5E"},{"uuid":"287B761F-4EE8-4A87-B4BB-BF9986DB0B46"},{"uuid":"2D2AEFFD-7259-4D1B-921F-91E5102884F1"},{"uuid":"32C1F034-AD31-45B3-82C2-F4F1D8475E2D"},{"uuid":"CC8114BC-ED7C-4A83-81E7-28E75F0409B1"},{"uuid":"A88D6D7A-2601-4E3E-82CB-066002981382"},{"uuid":"661B1B87-2DFA-4631-B34D-D1CA0DA40AF2"},{"uuid":"121917CB-BF46-411D-9248-7D48483F0555"},{"uuid":"B366A0A1-390E-4D2B-9F6B-E210D7E86BE5"},{"uuid":"FF2A426A-6542-4868-B010-979B5AA3B299"},{"uuid":"AF12C6D6-7728-44C4-98E5-3B010E392525"},{"uuid":"29F3A8B4-3836-4023-BA4A-E93A00985876"}],"static":false,"shadowCast":true,"shadowReceive":false},"material":{"@class":"BaseComponentMaterial","materialId":{"uuid":"E940F1B0-2948-4C82-997A-0DA60B507CC3"},"mapsStates":111},"transform":{"@class":"BaseComponentTransformable","localTransforms":{"values":[1.0,0.0,0.0,0.0,0.0,1.0,0.0,0.0,0.0,0.0,1.0,0.0,0.0,0.0,0.0,1.0]}},"metadata":{"importedIdentifier":"GG_girl_body.001","importedName":"GG_girl_body.001","isBone":false}}},{"@class":"BaseNode","object3D":{"@class":"BaseObject3D","id":{"uuid":"50427BC0-0B23-4012-AD48-A11BDCC2D831"},"name":"GG_girl_pants","enabled":true,"visible":true,"hitVisible":true,"geometry":{"@class":"BaseComponentGeometry","meshId":{"uuid":"E999EBF0-7F8B-484D-A0C3-94BD1591B7C9"},"skinControllerId":{"uuid":"321C6D51-3837-4E6E-A413-73DBD33C8CCF"},"skeleton":[{"uuid":"6E820884-87F8-4FDF-896B-DDAB14050456"},{"uuid":"5C20438B-3256-40D5-B6F4-A909F4E898AF"},{"uuid":"854CA763-7768-44A6-8E2A-124C64F3208A"},{"uuid":"71ABD15F-D5B6-4B57-852E-2E46318F1AB8"},{"uuid":"42D31088-D8CA-4F9B-B66B-831E894B2B29"},{"uuid":"A8EC46E2-2D75-469C-9BBE-98F43F376C1D"},{"uuid":"76651B10-F29D-4F3D-BA7F-74F6D62DB653"},{"uuid":"BC4F34A0-3E69-4125-848A-2D5081ED2E0B"},{"uuid":"0F23DA18-614F-4C90-8BE8-3D9E5231CE31"},{"uuid":"AE700C70-395A-4EDC-8A25-15F79940D6D6"},{"uuid":"4F301305-F6A8-4A1E-BF51-BF2A7B63BFE1"},{"uuid":"AC7F6084-DEB3-4B67-8ADB-830F80B92A08"},{"uuid":"091EC288-D456-4758-A64F-F0D755F82319"},{"uuid":"C3DD05CA-2253-4586-A284-6DA463F08FEF"},{"uuid":"9C92CE52-94D9-42A1-8727-4D2B2DF6D025"},{"uuid":"0AB35156-C5C5-464D-B25F-EBE902DBA19C"},{"uuid":"B7DE0E8E-950B-4801-ABEB-052790EEE51D"},{"uuid":"BD8053BD-0739-4FCB-98B9-C945C815C298"},{"uuid":"7D3230BA-0EA1-4071-8DBB-10D5CBCB5BF0"},{"uuid":"761EEDF6-32E2-4513-9DFB-6684711361FF"},{"uuid":"AF239B32-FF92-449E-BEB5-7DFCECBC0E81"},{"uuid":"046FF432-FE1F-49FC-A7C8-C71BFE98B92F"},{"uuid":"03960BF4-1E7B-449A-AD58-282197135C16"},{"uuid":"825B480C-C6E9-42A1-B5AC-8B882E1D602E"},{"uuid":"7F0AAD01-E8D7-4BCF-B878-ACED4DC7E09A"},{"uuid":"A2C538D6-757A-4FA0-8989-25728F5E6DA2"},{"uuid":"6A06213E-E362-41C5-9216-4E2BFEDED6B4"},{"uuid":"27A96864-25D0-4C94-BC39-C2CF76D5C10E"},{"uuid":"797CDD86-263E-4406-A0D8-CD33F1CA0F89"},{"uuid":"1C206A09-5E64-4EBA-B87F-669DDE13EDBE"},{"uuid":"4527914E-4867-4999-9AA5-A80E6E4B963E"},{"uuid":"4F9B56F9-29A5-4D23-87C2-8FD991417E18"},{"uuid":"5C76C4AE-74B0-4C34-AF27-B87D78B4687E"},{"uuid":"48F05C25-2825-416C-A886-2CD9B984F106"},{"uuid":"CFA8ACE1-2417-473F-8129-67E967429708"},{"uuid":"77861300-797D-496C-8370-BE2C8757D929"},{"uuid":"3C5FE383-FF8A-45B2-A0C1-E99900189E4F"},{"uuid":"078BE1F9-43AB-46DB-BE23-A3B5DEBA99BA"},{"uuid":"9220C988-47D3-48B2-B109-D0BF37E8E267"},{"uuid":"127E07B5-D37B-43AD-ACE8-81570FC15069"},{"uuid":"50C3EBD0-91D1-4334-8802-5D120A6605AA"},{"uuid":"6DEFBDB3-234D-415C-91B0-2A1FB009C84D"},{"uuid":"785F92A8-D1D3-4DA1-8DB4-73167DF11E4C"},{"uuid":"8A875A49-CB08-47A9-BE48-BA4CDD83474C"},{"uuid":"11DF2DF2-0A5E-481D-A73F-DE6B5DB75897"},{"uuid":"722CEAD7-60A8-4C58-A01A-D0ACE1C0069D"},{"uuid":"D16E8E7E-2FFF-4868-B4AE-09ECA70BC1FE"},{"uuid":"77D465E8-EDED-4AF5-83D7-4227B68E8B17"},{"uuid":"6E5061D3-5BCC-4ACB-ABF8-502D82DB8849"},{"uuid":"543BB55D-4584-4CE7-9CAE-E83B7B845E6A"},{"uuid":"F15E3650-022D-4727-91EE-69EB0372538C"},{"uuid":"8C772F67-A3B4-4168-AA04-9766E2D73B5E"},{"uuid":"287B761F-4EE8-4A87-B4BB-BF9986DB0B46"},{"uuid":"2D2AEFFD-7259-4D1B-921F-91E5102884F1"},{"uuid":"32C1F034-AD31-45B3-82C2-F4F1D8475E2D"},{"uuid":"CC8114BC-ED7C-4A83-81E7-28E75F0409B1"},{"uuid":"A88D6D7A-2601-4E3E-82CB-066002981382"},{"uuid":"661B1B87-2DFA-4631-B34D-D1CA0DA40AF2"},{"uuid":"121917CB-BF46-411D-9248-7D48483F0555"},{"uuid":"B366A0A1-390E-4D2B-9F6B-E210D7E86BE5"},{"uuid":"FF2A426A-6542-4868-B010-979B5AA3B299"},{"uuid":"AF12C6D6-7728-44C4-98E5-3B010E392525"},{"uuid":"29F3A8B4-3836-4023-BA4A-E93A00985876"}],"static":false,"shadowCast":true,"shadowReceive":false},"material":{"@class":"BaseComponentMaterial","materialId":{"uuid":"CF4FA9F5-026A-4B04-97AC-C8D244660076"},"mapsStates":111},"transform":{"@class":"BaseComponentTransformable","localTransforms":{"values":[1.0,0.0,0.0,0.0,0.0,1.0,0.0,0.0,0.0,0.0,1.0,0.0,0.0,0.0,0.0,1.0]}},"metadata":{"importedIdentifier":"GG_girl_body.001","importedName":"GG_girl_body.001","isBone":false}}},{"@class":"BaseNode","object3D":{"@class":"BaseObject3D","id":{"uuid":"E617C364-95CE-4AF6-827C-719912FD7EB1"},"name":"G_male_base_armature","enabled":true,"visible":true,"hitVisible":true,"transform":{"@class":"BaseComponentTransformable","localTransforms":{"values":[-0.10713978111743927,0.9207228422164917,-0.3752203583717346,0.0,0.9863629341125488,0.05100730061531067,-0.1564815640449524,0.0,-0.12493716180324555,-0.38686883449554446,-0.913631796836853,0.0,-0.8583256602287293,0.08162382990121842,0.16092664003372193,1.0]}},"metadata":{"importedIdentifier":"G_male_base_armature","importedName":"G_male_base_armature","isBone":false}},"children":["6E820884-87F8-4FDF-896B-DDAB14050456"]},{"@class":"BaseNode","object3D":{"@class":"BaseObject3D","id":{"uuid":"6E820884-87F8-4FDF-896B-DDAB14050456"},"name":"root_bone","enabled":true,"visible":true,"hitVisible":true,"transform":{"@class":"BaseComponentTransformable","localTransforms":{"values":[1.0,0.0,0.0,0.0,0.0,1.0,0.0,0.0,0.0,0.0,1.0,0.0,0.0,0.0,0.0,1.0]}},"metadata":{"importedIdentifier":"root_bone","importedName":"root_bone","isBone":true}},"children":["5C20438B-3256-40D5-B6F4-A909F4E898AF"]},{"@class":"BaseNode","object3D":{"@class":"BaseObject3D","id":{"uuid":"5C20438B-3256-40D5-B6F4-A909F4E898AF"},"name":"Hips","enabled":true,"visible":true,"hitVisible":true,"transform":{"@class":"BaseComponentTransformable","localTransforms":{"values":[1.0,0.0,0.0,0.0,0.0,0.9950834512710571,0.09904015809297562,0.0,0.0,-0.09904015809297562,0.9950834512710571,0.0,0.0,0.7207000255584717,0.023000003769993783,1.0]}},"metadata":{"importedIdentifier":"Hips","importedName":"Hips","isBone":true}},"children":["854CA763-7768-44A6-8E2A-124C64F3208A","CC8114BC-ED7C-4A83-81E7-28E75F0409B1","B366A0A1-390E-4D2B-9F6B-E210D7E86BE5"]},{"@class":"BaseNode","object3D":{"@class":"BaseObject3D","id":{"uuid":"854CA763-7768-44A6-8E2A-124C64F3208A"},"name":"spine","enabled":true,"visible":true,"hitVisible":true,"transform":{"@class":"BaseComponentTransformable","localTransforms":{"values":[0.9252423644065857,-0.2827037274837494,0.2529924511909485,0.0,0.2106206715106964,0.9374306201934815,0.27724140882492068,0.0,-0.31554001569747927,-0.203230082988739,0.9268937706947327,0.0,0.0,0.10540005564689636,-3.725290298461914e-9,1.0]}},"metadata":{"importedIdentifier":"spine","importedName":"spine","isBone":true}},"children":["71ABD15F-D5B6-4B57-852E-2E46318F1AB8"]},{"@class":"BaseNode","object3D":{"@class":"BaseObject3D","id":{"uuid":"71ABD15F-D5B6-4B57-852E-2E46318F1AB8"},"name":"chest_bottom","enabled":true,"visible":true,"hitVisible":true,"transform":{"@class":"BaseComponentTransformable","localTransforms":{"values":[0.9891915917396545,0.07612039148807526,0.1253218799829483,0.0,-0.05056801065802574,0.9793559908866882,-0.19571620225906373,0.0,-0.13763272762298585,0.18726353347301484,0.9726200103759766,0.0,-1.2840748908615751e-8,0.12470000982284546,2.373204965877562e-10,1.0]}},"metadata":{"importedIdentifier":"chest_bottom","importedName":"chest_bottom","isBone":true}},"children":["42D31088-D8CA-4F9B-B66B-831E894B2B29"]},{"@class":"BaseNode","object3D":{"@class":"BaseObject3D","id":{"uuid":"42D31088-D8CA-4F9B-B66B-831E894B2B29"},"name":"chest","enabled":true,"visible":true,"hitVisible":true,"transform":{"@class":"BaseComponentTransformable","localTransforms":{"values":[0.9906874299049377,0.02168625220656395,0.1344180703163147,0.0,-0.0974537581205368,0.8023810982704163,0.5888016223907471,0.0,-0.09508561342954636,-0.5964179039001465,0.79702228307724,0.0,-1.186602482938781e-10,0.10559996217489243,-5.587935447692871e-9,1.0]}},"metadata":{"importedIdentifier":"chest","importedName":"chest","isBone":true}},"children":["A8EC46E2-2D75-469C-9BBE-98F43F376C1D","BD8053BD-0739-4FCB-98B9-C945C815C298","3C5FE383-FF8A-45B2-A0C1-E99900189E4F"]},{"@class":"BaseNode","object3D":{"@class":"BaseObject3D","id":{"uuid":"A8EC46E2-2D75-469C-9BBE-98F43F376C1D"},"name":"neck","enabled":true,"visible":true,"hitVisible":true,"transform":{"@class":"BaseComponentTransformable","localTransforms":{"values":[0.9923861026763916,0.07702997326850891,-0.09610321372747421,0.0,-0.03916410356760025,0.9371451139450073,0.3467349410057068,0.0,0.1167716458439827,-0.34033119678497317,0.9330266714096069,0.0,5.7626973415381147e-8,0.12789995968341828,1.6130952573689684e-8,1.0]}},"metadata":{"importedIdentifier":"neck","importedName":"neck","isBone":true}},"children":["76651B10-F29D-4F3D-BA7F-74F6D62DB653"]},{"@class":"BaseNode","object3D":{"@class":"BaseObject3D","id":{"uuid":"76651B10-F29D-4F3D-BA7F-74F6D62DB653"},"name":"Head","enabled":true,"visible":true,"hitVisible":true,"transform":{"@class":"BaseComponentTransformable","localTransforms":{"values":[0.9037250876426697,-0.24612580239772798,-0.35028982162475588,0.0,-0.1332213431596756,0.6159157156944275,-0.7764661908149719,0.0,0.4068574607372284,0.7483780980110169,0.5238293409347534,0.0,1.4861607056104731e-8,0.07300006598234177,1.5395579922028447e-8,1.0]}},"metadata":{"importedIdentifier":"Head","importedName":"Head","isBone":true}},"children":["BC4F34A0-3E69-4125-848A-2D5081ED2E0B","AC7F6084-DEB3-4B67-8ADB-830F80B92A08","0AB35156-C5C5-464D-B25F-EBE902DBA19C","B7DE0E8E-950B-4801-ABEB-052790EEE51D","7F391E41-1E78-4C56-9E4C-B0B96CE28105"]},{"@class":"BaseNode","object3D":{"@class":"BaseObject3D","id":{"uuid":"BC4F34A0-3E69-4125-848A-2D5081ED2E0B"},"name":"braid1.L","enabled":true,"visible":true,"hitVisible":true,"transform":{"@class":"BaseComponentTransformable","localTransforms":{"values":[0.9762445092201233,0.1924518197774887,0.09954378008842468,0.0,0.21430763602256776,-0.9253386855125427,-0.31276237964630129,0.0,0.03192003071308136,0.32666558027267458,-0.9446008801460266,0.0,0.04439999908208847,0.05449994280934334,-0.08089999854564667,1.0]}},"metadata":{"importedIdentifier":"braid1.L","importedName":"braid1.L","isBone":true}},"children":["0F23DA18-614F-4C90-8BE8-3D9E5231CE31"]},{"@class":"BaseNode","object3D":{"@class":"BaseObject3D","id":{"uuid":"0F23DA18-614F-4C90-8BE8-3D9E5231CE31"},"name":"braid2.L","enabled":true,"visible":true,"hitVisible":true,"transform":{"@class":"BaseComponentTransformable","localTransforms":{"values":[0.9975318908691406,-0.0700659528374672,0.004583215340971947,0.0,0.07020887732505799,0.9943976998329163,-0.07902012765407562,0.0,0.000979081611149013,0.07914687693119049,0.9968626499176025,0.0,-2.64881929723515e-8,0.0695999413728714,-2.863053616408706e-8,1.0]}},"metadata":{"importedIdentifier":"braid2.L","importedName":"braid2.L","isBone":true}},"children":["AE700C70-395A-4EDC-8A25-15F79940D6D6"]},{"@class":"BaseNode","object3D":{"@class":"BaseObject3D","id":{"uuid":"AE700C70-395A-4EDC-8A25-15F79940D6D6"},"name":"braid3.L","enabled":true,"visible":true,"hitVisible":true,"transform":{"@class":"BaseComponentTransformable","localTransforms":{"values":[0.999579668045044,0.028919316828250886,-0.002004048554226756,0.0,-0.02897334285080433,0.9944127798080444,-0.10150736570358277,0.0,-0.000942672835662961,0.10152280330657959,0.9948330521583557,0.0,-4.800452302333724e-8,0.05320024862885475,2.8101187155016306e-8,1.0]}},"metadata":{"importedIdentifier":"braid3.L","importedName":"braid3.L","isBone":true}},"children":["4F301305-F6A8-4A1E-BF51-BF2A7B63BFE1"]},{"@class":"BaseNode","object3D":{"@class":"BaseObject3D","id":{"uuid":"4F301305-F6A8-4A1E-BF51-BF2A7B63BFE1"},"name":"braid4.L","enabled":true,"visible":true,"hitVisible":true,"transform":{"@class":"BaseComponentTransformable","localTransforms":{"values":[0.9999998211860657,-0.0006191849242895842,-0.0001777392317308113,0.0,0.0006241615628823638,0.9995641112327576,0.029517527669668199,0.0,0.00015938494470901787,-0.029517635703086854,0.9995644092559815,0.0,8.441402243875018e-9,0.041299887001514438,6.687038034414172e-9,1.0]}},"metadata":{"importedIdentifier":"braid4.L","importedName":"braid4.L","isBone":true}}},{"@class":"BaseNode","object3D":{"@class":"BaseObject3D","id":{"uuid":"AC7F6084-DEB3-4B67-8ADB-830F80B92A08"},"name":"braid1.R","enabled":true,"visible":true,"hitVisible":true,"transform":{"@class":"BaseComponentTransformable","localTransforms":{"values":[0.9762445092201233,-0.1924518197774887,-0.09954379498958588,0.0,-0.21430766582489015,-0.9253385663032532,-0.312762588262558,0.0,-0.03192000091075897,0.3266657888889313,-0.9446007609367371,0.0,-0.04439999908208847,0.05449999123811722,-0.08090001344680786,1.0]}},"metadata":{"importedIdentifier":"braid1.R","importedName":"braid1.R","isBone":true}},"children":["091EC288-D456-4758-A64F-F0D755F82319"]},{"@class":"BaseNode","object3D":{"@class":"BaseObject3D","id":{"uuid":"091EC288-D456-4758-A64F-F0D755F82319"},"name":"braid2.R","enabled":true,"visible":true,"hitVisible":true,"transform":{"@class":"BaseComponentTransformable","localTransforms":{"values":[0.9975318312644959,0.0700659230351448,-0.0045831953175365929,0.0,-0.0702088475227356,0.9943976998329163,-0.07902010530233383,0.0,-0.0009790974436327816,0.07914683222770691,0.9968623518943787,0.0,-9.431659009351279e-9,0.06960007548332215,-3.5673797249557994e-9,1.0]}},"metadata":{"importedIdentifier":"braid2.R","importedName":"braid2.R","isBone":true}},"children":["C3DD05CA-2253-4586-A284-6DA463F08FEF"]},{"@class":"BaseNode","object3D":{"@class":"BaseObject3D","id":{"uuid":"C3DD05CA-2253-4586-A284-6DA463F08FEF"},"name":"braid3.R","enabled":true,"visible":true,"hitVisible":true,"transform":{"@class":"BaseComponentTransformable","localTransforms":{"values":[0.9995797276496887,-0.02891932800412178,0.002004059264436364,0.0,0.028973354026675226,0.9944128394126892,-0.10150735080242157,0.0,0.0009426622418686748,0.1015227735042572,0.9948329329490662,0.0,9.194792482958292e-9,0.053199950605630878,2.5504606426807187e-8,1.0]}},"metadata":{"importedIdentifier":"braid3.R","importedName":"braid3.R","isBone":true}},"children":["9C92CE52-94D9-42A1-8727-4D2B2DF6D025"]},{"@class":"BaseNode","object3D":{"@class":"BaseObject3D","id":{"uuid":"9C92CE52-94D9-42A1-8727-4D2B2DF6D025"},"name":"braid4.R","enabled":true,"visible":true,"hitVisible":true,"transform":{"@class":"BaseComponentTransformable","localTransforms":{"values":[0.9999997019767761,0.0006191629217937589,0.00017774070147424936,0.0,-0.0006241396185941994,0.9995641112327576,0.029517516493797303,0.0,-0.00015938706928864121,-0.02951761707663536,0.9995641708374023,0.0,-2.282547306720062e-8,0.04129980504512787,1.2979299413018453e-8,1.0]}},"metadata":{"importedIdentifier":"braid4.R","importedName":"braid4.R","isBone":true}}},{"@class":"BaseNode","object3D":{"@class":"BaseObject3D","id":{"uuid":"0AB35156-C5C5-464D-B25F-EBE902DBA19C"},"name":"eye.L","enabled":true,"visible":true,"hitVisible":true,"transform":{"@class":"BaseComponentTransformable","localTransforms":{"values":[0.9999523162841797,0.009768463671207428,-2.7939677238464357e-9,0.0,8.847566235203886e-9,-5.50846493752033e-7,1.0000001192092896,0.0,0.009768464602530003,-0.9999523758888245,-5.509046445695276e-7,0.0,0.031700000166893008,0.05949995294213295,0.05740002915263176,1.0]}},"metadata":{"importedIdentifier":"eye.L","importedName":"eye.L","isBone":true}}},{"@class":"BaseNode","object3D":{"@class":"BaseObject3D","id":{"uuid":"B7DE0E8E-950B-4801-ABEB-052790EEE51D"},"name":"eye.R","enabled":true,"visible":true,"hitVisible":true,"transform":{"@class":"BaseComponentTransformable","localTransforms":{"values":[0.9999523162841797,-0.009768463671207428,1.862645149230957e-9,0.0,-7.916243660588407e-9,-5.50846493752033e-7,1.0000001192092896,0.0,-0.009768463671207428,-0.9999523758888245,-5.508955496225099e-7,0.0,-0.031700003892183307,0.05949997156858444,0.057399991899728778,1.0]}},"metadata":{"importedIdentifier":"eye.R","importedName":"eye.R","isBone":true}}},{"@class":"BaseNode","object3D":{"@class":"BaseObject3D","id":{"uuid":"7F391E41-1E78-4C56-9E4C-B0B96CE28105"},"name":"Covers","enabled":true,"visible":true,"hitVisible":true,"geometry":{"@class":"BaseComponentGeometry","meshId":{"uuid":"56A4C0EC-1428-4D7C-8D23-C23299267CC4"},"static":false,"shadowCast":true,"shadowReceive":true},"material":{"@class":"BaseComponentMaterial","materialId":{"uuid":"C3064ADA-5D61-467D-977B-9FE36807DEBB"},"mapsStates":111},"transform":{"@class":"BaseComponentTransformable","localTransforms":{"values":[0.9999999403953552,0.0001279433345189318,8.74227694680485e-8,0.0,-0.00012794331996701658,0.9999997615814209,-0.00012794331996701658,0.0,-1.0379228854162648e-7,0.00012794336362276226,1.0000001192092896,0.0,-0.00002508350917196367,0.057058144360780719,0.07000000029802323,1.0]}},"metadata":{"importedIdentifier":"GG_girl_.001","importedName":"GG_girl_.001","isBone":false}}},{"@class":"BaseNode","object3D":{"@class":"BaseObject3D","id":{"uuid":"BD8053BD-0739-4FCB-98B9-C945C815C298"},"name":"shoulder.L","enabled":true,"visible":true,"hitVisible":true,"transform":{"@class":"BaseComponentTransformable","localTransforms":{"values":[0.5318476557731628,-0.0939231812953949,-0.8416152000427246,0.0,0.8094785213470459,-0.23555612564086915,0.5378271341323853,0.0,-0.24876201152801515,-0.9673116207122803,-0.0492512509226799,0.0,0.021500026807188989,0.10770007222890854,-0.002100049750879407,1.0]}},"metadata":{"importedIdentifier":"shoulder.L","importedName":"shoulder.L","isBone":true}},"children":["7D3230BA-0EA1-4071-8DBB-10D5CBCB5BF0"]},{"@class":"BaseNode","object3D":{"@class":"BaseObject3D","id":{"uuid":"7D3230BA-0EA1-4071-8DBB-10D5CBCB5BF0"},"name":"arm.L","enabled":true,"visible":true,"hitVisible":true,"transform":{"@class":"BaseComponentTransformable","localTransforms":{"values":[0.3486022353172302,0.4524472653865814,0.8208339810371399,0.0,-0.5680103302001953,0.7986092567443848,-0.19896700978279115,0.0,-0.7455474734306336,-0.39688175916671755,0.5353915095329285,0.0,-4.746409931755125e-10,0.10120006650686264,5.7026401378834637e-8,1.0]}},"metadata":{"importedIdentifier":"arm.L","importedName":"arm.L","isBone":true}},"children":["761EEDF6-32E2-4513-9DFB-6684711361FF","1DFCF56F-FFEF-49A6-9EED-B5670FCB3875"]},{"@class":"BaseNode","object3D":{"@class":"BaseObject3D","id":{"uuid":"761EEDF6-32E2-4513-9DFB-6684711361FF"},"name":"forearm.L","enabled":true,"visible":true,"hitVisible":true,"transform":{"@class":"BaseComponentTransformable","localTransforms":{"values":[-0.20707866549491883,0.9274163842201233,-0.3114762604236603,0.0,-0.9137646555900574,-0.29708847403526308,-0.27707913517951968,0.0,-0.34950369596481326,0.22723877429962159,0.9089608192443848,0.0,2.211442051702761e-8,0.1902000606060028,8.083435254491178e-9,1.0]}},"metadata":{"importedIdentifier":"forearm.L","importedName":"forearm.L","isBone":true}},"children":["AF239B32-FF92-449E-BEB5-7DFCECBC0E81"]},{"@class":"BaseNode","object3D":{"@class":"BaseObject3D","id":{"uuid":"AF239B32-FF92-449E-BEB5-7DFCECBC0E81"},"name":"hand.L","enabled":true,"visible":true,"hitVisible":true,"transform":{"@class":"BaseComponentTransformable","localTransforms":{"values":[0.875556230545044,0.402468740940094,-0.26724565029144289,0.0,-0.39576488733291628,0.9147710800170898,0.08102036267518997,0.0,0.27707675099372866,0.0348285436630249,0.9602165222167969,0.0,-5.846849671087284e-9,0.19729991257190705,3.2506493052864018e-9,1.0]}},"metadata":{"importedIdentifier":"hand.L","importedName":"hand.L","isBone":true}},"children":["046FF432-FE1F-49FC-A7C8-C71BFE98B92F","7F0AAD01-E8D7-4BCF-B878-ACED4DC7E09A","27A96864-25D0-4C94-BC39-C2CF76D5C10E","4527914E-4867-4999-9AA5-A80E6E4B963E","48F05C25-2825-416C-A886-2CD9B984F106","7B2F5531-7D50-4A30-9338-EE678A9A6FA9","B21E04EE-7AE7-4F97-AB3F-D826B9F55F7D"]},{"@class":"BaseNode","object3D":{"@class":"BaseObject3D","id":{"uuid":"046FF432-FE1F-49FC-A7C8-C71BFE98B92F"},"name":"f_Thumb1.L","enabled":true,"visible":true,"hitVisible":true,"transform":{"@class":"BaseComponentTransformable","localTransforms":{"values":[0.5529929399490356,0.40466734766960146,0.7283151745796204,0.0,-0.6463874578475952,0.7599231004714966,0.06855770945549011,0.0,-0.525720477104187,-0.5086857080459595,0.6818040609359741,0.0,-0.011899996548891068,0.01320021040737629,0.006400055252015591,1.0]}},"metadata":{"importedIdentifier":"f_Thumb1.L","importedName":"f_Thumb1.L","isBone":true}},"children":["03960BF4-1E7B-449A-AD58-282197135C16"]},{"@class":"BaseNode","object3D":{"@class":"BaseObject3D","id":{"uuid":"03960BF4-1E7B-449A-AD58-282197135C16"},"name":"f_Thumb2.L","enabled":true,"visible":true,"hitVisible":true,"transform":{"@class":"BaseComponentTransformable","localTransforms":{"values":[0.9557299017906189,-0.2581002712249756,0.1412961483001709,0.0,0.28761008381843569,0.9208257794380188,-0.2633630037307739,0.0,-0.062135085463523868,0.2923421561717987,0.9542931318283081,0.0,-5.089057708573819e-8,0.02940000593662262,6.437031885297984e-8,1.0