{"@class":"Character","id":{"uuid":"9BF949CB-0AE4-4183-B687-6D495717080E"},"airJumpIsActive":true,"maxStableSlopeAngle":45.0,"maxStableMoveSpeed":3.200000047683716,"stableMovementSharpness":0.05000000074505806,"maxAirMoveSpeed":6.0,"airAccelerationSpeed":0.10000000149011612,"rotationSpeed":0.10000000149011612,"allowJumpingWhenSliding":true,"allowWallJump":true,"jumpSpeed":1.5,"airJumpSpeed":0.0,"wallJumpSpeed":1.0,"crouchHeight":2.9000000953674318,"crouchSpeed":2.4000000953674318,"slideSpeed":12.0,"wallHangSpeed":-1.0,"maxStepHeight":0.5,"ladderClimbingSpeed":6.0,"ladderGrabSpeed":6.0,"discreteRotationAngle":90.0,"isDiscreteRotation":false,"body":[{"@class":"BaseNode","object3D":{"@class":"BaseObject3D","id":{"uuid":"B2170EB5-1DCB-4BCB-B239-768061E6F0CE"},"name":"MainCharacter Body","enabled":true,"visible":true,"hitVisible":true,"colliders":[{"@class":"BaseComponentCollider","colliderId":{"uuid":"5EDB4AE8-DD68-4855-9F23-ACA5CB5648D4"}}],"rigidBody":{"@class":"BaseComponentPhysBody","rigidBodyId":{"uuid":"2B706D78-6537-45FD-B210-BCE87082DBD7"},"isEnabled":true},"transform":{"@class":"BaseComponentTransformable","localTransforms":{"values":[0.49999988079071047,0.0,0.0,0.0,0.0,0.49999988079071047,0.0,0.0,0.0,0.0,0.49999988079071047,0.0,0.0,0.0,0.0,1.0]}},"metadata":{"importedIdentifier":"","importedName":"","isBone":false}},"children":["D73C28B7-2A98-49C6-A617-6A23C71CA459","F5B35B2C-BD75-43BA-AD63-8FC59DCFDD67","C2475975-6DBB-43C9-B67E-301A4B11F1B2","94519A7D-63AB-43F3-9CDC-AD76CF9D1A93"]},{"@class":"BaseNode","color_index":7,"object3D":{"@class":"BaseObject3D","id":{"uuid":"D73C28B7-2A98-49C6-A617-6A23C71CA459"},"name":"Animations - Dummy","enabled":true,"visible":true,"hitVisible":true,"transform":{"@class":"BaseComponentTransformable","localTransforms":{"values":[1.0,0.0,0.0,0.0,0.0,1.0,0.0,0.0,0.0,0.0,1.0,0.0,0.0,0.0,0.0,1.0]}},"metadata":{"importedIdentifier":"","importedName":"","isBone":false}},"children":["F3E41540-6B36-47A3-A421-03F6B71119F0","DBC1E880-65AD-4E4A-BB7B-6F6DA8AEB25A","9904DE99-A1F6-47DC-92F0-758FFE06FA33","7F5DCFC5-3797-4C00-A587-B990EEA67D29","DC63E48A-ADE0-4AA7-B5F3-1ED73B67ED5D","4E1A16CB-0603-4819-B95E-F3114E204AA2","25A775AB-D978-43B5-AE51-18F89A1366E7","0591AECD-EB14-48D8-846F-39C4AC9350C6","FCFAD081-0CAB-45D3-B436-B053B41AA211","A3333279-06AD-41B7-9790-701F49070F18","998D8E1E-9FD5-4E4D-9ACF-7EDA2AE48683","74013B71-8776-417D-AA06-2016EEEA42CC","F544829E-7CEF-42ED-B05F-353C0AE88F07","8FB74F00-0C92-4F52-8297-CC69FB9F8508","58412057-00A7-49E6-BB6B-8A2ED63A51C8","0BD373C1-3DC5-484F-9CBC-88891757DB9F","65E364D1-FB1E-4597-9E1B-EE3EC3370877","AB3DDD6A-FE8F-4307-9B6D-225A0A8BDB63"]},{"@class":"BaseNode","object3D":{"@class":"BaseObject3D","id":{"uuid":"F3E41540-6B36-47A3-A421-03F6B71119F0"},"name":"Idle","enabled":true,"visible":true,"hitVisible":true,"timeline":{"@class":"BaseComponentTimeline","timelineId":{"uuid":"DE583BDC-0F03-49F8-9C80-1D8CA2447204"}},"transform":{"@class":"BaseComponentTransformable","localTransforms":{"values":[1.0,0.0,0.0,0.0,0.0,1.0,0.0,0.0,0.0,0.0,1.0,0.0,0.0,0.0,0.0,1.0]}},"metadata":{"importedIdentifier":"","importedName":"","isBone":false}}},{"@class":"BaseNode","object3D":{"@class":"BaseObject3D","id":{"uuid":"DBC1E880-65AD-4E4A-BB7B-6F6DA8AEB25A"},"name":"Walk_Wood","enabled":true,"visible":true,"hitVisible":true,"timeline":{"@class":"BaseComponentTimeline","timelineId":{"uuid":"4FDA2FF1-20B6-49FB-BC4A-8C9E9280A15D"}},"transform":{"@class":"BaseComponentTransformable","localTransforms":{"values":[1.0,0.0,0.0,0.0,0.0,1.0,0.0,0.0,0.0,0.0,1.0,0.0,0.0,0.0,0.0,1.0]}},"metadata":{"importedIdentifier":"","importedName":"","isBone":false}}},{"@class":"BaseNode","object3D":{"@class":"BaseObject3D","id":{"uuid":"9904DE99-A1F6-47DC-92F0-758FFE06FA33"},"name":"Walk_Soil","enabled":true,"visible":true,"hitVisible":true,"timeline":{"@class":"BaseComponentTimeline","timelineId":{"uuid":"6C74A586-29D9-4FD9-9653-3343BBFF746C"}},"transform":{"@class":"BaseComponentTransformable","localTransforms":{"values":[1.0,0.0,0.0,0.0,0.0,1.0,0.0,0.0,0.0,0.0,1.0,0.0,0.0000019073486328125,0.0,0.0,1.0]}},"metadata":{"importedIdentifier":"","importedName":"","isBone":false}}},{"@class":"BaseNode","object3D":{"@class":"BaseObject3D","id":{"uuid":"7F5DCFC5-3797-4C00-A587-B990EEA67D29"},"name":"Walk_Soil_Torch","enabled":true,"visible":true,"hitVisible":true,"timeline":{"@class":"BaseComponentTimeline","timelineId":{"uuid":"8C8373AB-D6D9-4105-AE15-4C54CDB7F871"}},"transform":{"@class":"BaseComponentTransformable","localTransforms":{"values":[1.0,0.0,0.0,0.0,0.0,1.0,0.0,0.0,0.0,0.0,1.0,0.0,0.000003814697265625,0.0,0.0,1.0]}},"metadata":{"importedIdentifier":"","importedName":"","isBone":false}}},{"@class":"BaseNode","object3D":{"@class":"BaseObject3D","id":{"uuid":"DC63E48A-ADE0-4AA7-B5F3-1ED73B67ED5D"},"name":"Walk_Mud","enabled":true,"visible":true,"hitVisible":true,"timeline":{"@class":"BaseComponentTimeline","timelineId":{"uuid":"4D8DD47D-8A06-45ED-B89C-742F11807042"}},"transform":{"@class":"BaseComponentTransformable","localTransforms":{"values":[1.0,0.0,0.0,0.0,0.0,1.0,0.0,0.0,0.0,0.0,1.0,0.0,0.000003814697265625,0.0,0.0,1.0]}},"metadata":{"importedIdentifier":"","importedName":"","isBone":false}}},{"@class":"BaseNode","object3D":{"@class":"BaseObject3D","id":{"uuid":"4E1A16CB-0603-4819-B95E-F3114E204AA2"},"name":"Walk_Grass","enabled":true,"visible":true,"hitVisible":true,"timeline":{"@class":"BaseComponentTimeline","timelineId":{"uuid":"DA80A625-696A-408F-92EA-204F42BEC03C"}},"transform":{"@class":"BaseComponentTransformable","localTransforms":{"values":[1.0,0.0,0.0,0.0,0.0,1.0,0.0,0.0,0.0,0.0,1.0,0.0,0.0000057220458984375,0.0,0.0,1.0]}},"metadata":{"importedIdentifier":"","importedName":"","isBone":false}}},{"@class":"BaseNode","object3D":{"@class":"BaseObject3D","id":{"uuid":"25A775AB-D978-43B5-AE51-18F89A1366E7"},"name":"Fall","enabled":true,"visible":true,"hitVisible":true,"timeline":{"@class":"BaseComponentTimeline","timelineId":{"uuid":"A737F701-8104-4A45-9263-0FFDCE498865"}},"transform":{"@class":"BaseComponentTransformable","localTransforms":{"values":[1.0,0.0,0.0,0.0,0.0,1.0,0.0,0.0,0.0,0.0,1.0,0.0,0.0,0.0,0.0,1.0]}},"metadata":{"importedIdentifier":"","importedName":"","isBone":false}}},{"@class":"BaseNode","object3D":{"@class":"BaseObject3D","id":{"uuid":"0591AECD-EB14-48D8-846F-39C4AC9350C6"},"name":"Jump","enabled":true,"visible":true,"hitVisible":true,"timeline":{"@class":"BaseComponentTimeline","timelineId":{"uuid":"B8D6A8DF-5C12-4DDB-80E2-42F8D8458150"}},"transform":{"@class":"BaseComponentTransformable","localTransforms":{"values":[1.0,0.0,0.0,0.0,0.0,1.0,0.0,0.0,0.0,0.0,1.0,0.0,0.0,0.0,0.0,1.0]}},"metadata":{"importedIdentifier":"","importedName":"","isBone":false}}},{"@class":"BaseNode","object3D":{"@class":"BaseObject3D","id":{"uuid":"FCFAD081-0CAB-45D3-B436-B053B41AA211"},"name":"Double jump","enabled":false,"visible":true,"hitVisible":true,"timeline":{"@class":"BaseComponentTimeline","timelineId":{"uuid":"9E9B20F5-B491-407B-95FA-8439C4A997F3"}},"transform":{"@class":"BaseComponentTransformable","localTransforms":{"values":[1.0,0.0,0.0,0.0,0.0,1.0,0.0,0.0,0.0,0.0,1.0,0.0,0.0,0.0,0.0,1.0]}},"metadata":{"importedIdentifier":"","importedName":"","isBone":false}}},{"@class":"BaseNode","object3D":{"@class":"BaseObject3D","id":{"uuid":"A3333279-06AD-41B7-9790-701F49070F18"},"name":"Hang on wall","enabled":false,"visible":true,"hitVisible":true,"timeline":{"@class":"BaseComponentTimeline","timelineId":{"uuid":"5911D7EE-DBF5-4719-BDC7-42AB62E8DC40"}},"transform":{"@class":"BaseComponentTransformable","localTransforms":{"values":[1.0,0.0,0.0,0.0,0.0,1.0,0.0,0.0,0.0,0.0,1.0,0.0,0.0,0.0,0.0,1.0]}},"metadata":{"importedIdentifier":"","importedName":"","isBone":false}}},{"@class":"BaseNode","object3D":{"@class":"BaseObject3D","id":{"uuid":"998D8E1E-9FD5-4E4D-9ACF-7EDA2AE48683"},"name":"Climb up wall","enabled":false,"visible":true,"hitVisible":true,"timeline":{"@class":"BaseComponentTimeline","timelineId":{"uuid":"524332C3-C598-4B0C-8B49-3B8C18AFEC29"}},"transform":{"@class":"BaseComponentTransformable","localTransforms":{"values":[1.0,0.0,0.0,0.0,0.0,1.0,0.0,0.0,0.0,0.0,1.0,0.0,0.0,0.0,0.0,1.0]}},"metadata":{"importedIdentifier":"","importedName":"","isBone":false}}},{"@class":"BaseNode","object3D":{"@class":"BaseObject3D","id":{"uuid":"74013B71-8776-417D-AA06-2016EEEA42CC"},"name":"Crouch","enabled":false,"visible":true,"hitVisible":true,"timeline":{"@class":"BaseComponentTimeline","timelineId":{"uuid":"9A139193-52C4-48B2-9DE2-24C09D19A1FB"}},"transform":{"@class":"BaseComponentTransformable","localTransforms":{"values":[1.0,0.0,0.0,0.0,0.0,1.0,0.0,0.0,0.0,0.0,1.0,0.0,0.0,0.0,0.0,1.0]}},"metadata":{"importedIdentifier":"","importedName":"","isBone":false}}},{"@class":"BaseNode","object3D":{"@class":"BaseObject3D","id":{"uuid":"F544829E-7CEF-42ED-B05F-353C0AE88F07"},"name":"Crouch walk","enabled":false,"visible":true,"hitVisible":true,"timeline":{"@class":"BaseComponentTimeline","timelineId":{"uuid":"2DE2769D-0AD3-4896-9B38-F748981FB69B"}},"transform":{"@class":"BaseComponentTransformable","localTransforms":{"values":[1.0,0.0,0.0,0.0,0.0,1.0,0.0,0.0,0.0,0.0,1.0,0.0,0.0,0.0,0.0,1.0]}},"metadata":{"importedIdentifier":"","importedName":"","isBone":false}}},{"@class":"BaseNode","object3D":{"@class":"BaseObject3D","id":{"uuid":"8FB74F00-0C92-4F52-8297-CC69FB9F8508"},"name":"Idle to Crouch","enabled":false,"visible":true,"hitVisible":true,"timeline":{"@class":"BaseComponentTimeline","timelineId":{"uuid":"7E7BB197-59BF-4C80-A16B-113B653E3A8D"}},"transform":{"@class":"BaseComponentTransformable","localTransforms":{"values":[1.0,0.0,0.0,0.0,0.0,1.0,0.0,0.0,0.0,0.0,1.0,0.0,0.0,0.0,0.0,1.0]}},"metadata":{"importedIdentifier":"","importedName":"","isBone":false}}},{"@class":"BaseNode","object3D":{"@class":"BaseObject3D","id":{"uuid":"58412057-00A7-49E6-BB6B-8A2ED63A51C8"},"name":"Crouch to Idle","enabled":false,"visible":true,"hitVisible":true,"timeline":{"@class":"BaseComponentTimeline","timelineId":{"uuid":"4BFD7601-DA2B-47E0-9B6C-CEAC164E145D"}},"transform":{"@class":"BaseComponentTransformable","localTransforms":{"values":[1.0,0.0,0.0,0.0,0.0,1.0,0.0,0.0,0.0,0.0,1.0,0.0,0.0,0.0,0.0,1.0]}},"metadata":{"importedIdentifier":"","importedName":"","isBone":false}}},{"@class":"BaseNode","object3D":{"@class":"BaseObject3D","id":{"uuid":"0BD373C1-3DC5-484F-9CBC-88891757DB9F"},"name":"Walk to Crouch walk","enabled":false,"visible":true,"hitVisible":true,"timeline":{"@class":"BaseComponentTimeline","timelineId":{"uuid":"F6DFA8D2-799A-45F7-B983-EE9C200CA422"}},"transform":{"@class":"BaseComponentTransformable","localTransforms":{"values":[1.0,0.0,0.0,0.0,0.0,1.0,0.0,0.0,0.0,0.0,1.0,0.0,0.0,0.0,0.0,1.0]}},"metadata":{"importedIdentifier":"","importedName":"","isBone":false}}},{"@class":"BaseNode","object3D":{"@class":"BaseObject3D","id":{"uuid":"65E364D1-FB1E-4597-9E1B-EE3EC3370877"},"name":"Crouch walk to Walk","enabled":false,"visible":true,"hitVisible":true,"timeline":{"@class":"BaseComponentTimeline","timelineId":{"uuid":"B88AED32-4338-4FD4-B64E-7AE830692919"}},"transform":{"@class":"BaseComponentTransformable","localTransforms":{"values":[1.0,0.0,0.0,0.0,0.0,1.0,0.0,0.0,0.0,0.0,1.0,0.0,0.0,0.0,0.0,1.0]}},"metadata":{"importedIdentifier":"","importedName":"","isBone":false}}},{"@class":"BaseNode","object3D":{"@class":"BaseObject3D","id":{"uuid":"AB3DDD6A-FE8F-4307-9B6D-225A0A8BDB63"},"name":"Slide","enabled":true,"visible":true,"hitVisible":true,"timeline":{"@class":"BaseComponentTimeline","timelineId":{"uuid":"61D8C37F-AA8D-46FD-90DE-218214B90947"}},"transform":{"@class":"BaseComponentTransformable","localTransforms":{"values":[1.0,0.0,0.0,0.0,0.0,1.0,0.0,0.0,0.0,0.0,1.0,0.0,0.0,0.0,0.0,1.0]}},"metadata":{"importedIdentifier":"","importedName":"","isBone":false}}},{"@class":"BaseNode","object3D":{"@class":"BaseObject3D","id":{"uuid":"F5B35B2C-BD75-43BA-AD63-8FC59DCFDD67"},"name":"GG_Girl","enabled":true,"visible":true,"hitVisible":true,"transform":{"@class":"BaseComponentTransformable","localTransforms":{"values":[-0.0006978512392379344,-6.101505412026143e-11,-2.0,0.0,-1.064426578969253e-14,2.000000476837158,-6.101506105915533e-11,0.0,2.0,-1.0644264095626636e-14,-0.0006978512392379344,0.0,0.0,0.0,0.0,1.0]}},"metadata":{"importedIdentifier":"RootNode","importedName":"RootNode","isBone":false}},"children":["4BBDA39A-E36C-48B6-BF84-D790C2360894","E617C364-95CE-4AF6-827C-719912FD7EB1","4F212A17-F8FC-4BA3-B519-E4165D21C584","DCC0F129-47BB-45CC-AB4A-89249F0A73A5","BA761FF5-884E-4D06-8EA6-5AB01E932849","10EB100A-9A72-4FE2-816D-A57946DCC9C7","3DD00426-7767-47CE-857D-72651A4A3188","F059CEBA-12ED-4B92-B6F2-4A93D49F25F9","1BEBCA88-14F1-4F9D-A1AF-6E749473EFEA","09C99EAE-81CD-488A-98F9-9B2152E9A5D4","DD7A5314-5F6D-462A-9BFA-0FB0D1A7D0C4","4F7311C9-21B0-4FD9-AE1E-358E25821255","847AB01C-E3EB-4965-A6E4-166601C9C1F3","207589AC-965D-452F-8156-84907C223096","04313EEE-5509-4B0D-BC14-5B0999562777","6B0D5D64-2823-4350-ADEC-8BBA9055EEFF","1E303D86-D9BE-4E3A-9FD4-EF6BA7192F48","6636B8B2-5ADF-49B8-94CA-D87B0DC83F4D","B1618270-C35C-44C9-8BC8-C6E2AE80DE78","94D4CF33-FD71-4049-9DB5-5FC026CF1178","94D78D86-4C2A-4E37-8A7A-F7D643444F8C","4D80BF67-135E-48C1-8CBE-213AEAC731B1","12A4126A-9771-4A7B-ADEA-39C763C122AE","513DF3FE-7A7E-40D8-A281-43BFF2367363","CD0213E9-D926-41B1-AE8E-AF1A3DC8A58F","A463E35A-B5B5-4FD8-A4BB-434539CDDFA4","3701E119-F646-4BAC-990C-49021EB437B2","593EF7B8-FAEF-4620-A7B6-E0EBCF2D7E27","A43D3D86-BA68-4848-ABA2-47D3A067EDE8","58F08C74-168C-487A-B3CB-39BA649E5677","793B2A7C-2996-4302-AE7A-B5AAE865C139","9EF796EB-7390-4105-BD7A-AA63FDAD1FF9","19B80C85-4AF7-4D87-8B61-24A823628DF9","35ADC428-A993-4670-9FCB-44904DC018AF","ED693E24-B8C0-4EB5-BAAC-4F793EC02D37","F8A1248D-B519-40A2-9C6D-35981E66FBEF","302FFD1D-3D5E-4CED-BCAF-76E0497EEFF4","C0A7CF0B-942C-4DD5-BBEB-C37F13C0D705","7FBE1364-B8F6-430F-89EB-300BCB155B16","40C538F0-CFB2-44A6-B14C-A4DCC591B6FB","FE9DA1DC-80EF-4403-8FD0-5B27B09FADEE","FA301F74-CA29-4B9A-9913-51F2BF991B22","62A9EB2D-E100-4E71-9D34-4BDDEBE8F59F","6A4196B4-F63D-4999-A7AF-E79D01F130B9","E10C971E-9B9E-4A79-BA5E-E08F35DF91C3","BDBBBAD9-55A9-4999-8CFB-250AD21F7AA6","290B720F-C192-479A-AE84-1A97BEB02E1E","82C0B6F1-889B-4CCD-A977-E046DFA9BE5D"]},{"@class":"BaseNode","object3D":{"@class":"BaseObject3D","id":{"uuid":"4BBDA39A-E36C-48B6-BF84-D790C2360894"},"name":"GG_girl_body","enabled":true,"visible":true,"hitVisible":true,"transform":{"@class":"BaseComponentTransformable","localTransforms":{"values":[1.0,0.0,0.0,0.0,0.0,-1.6292068494294654e-7,-1.0,0.0,0.0,1.0,-1.6292068494294654e-7,0.0,0.0,0.0,0.0,1.0]}},"metadata":{"importedIdentifier":"","importedName":"","isBone":false}},"children":["7B907037-986F-4586-801F-85E9E22EBB18","50427BC0-0B23-4012-AD48-A11BDCC2D831"]},{"@class":"BaseNode","object3D":{"@class":"BaseObject3D","id":{"uuid":"7B907037-986F-4586-801F-85E9E22EBB18"},"name":"GG_girl_body","enabled":true,"visible":true,"hitVisible":true,"geometry":{"@class":"BaseComponentGeometry","meshId":{"uuid":"0DC71E63-C20A-4E4D-8CF2-71C03C227145"},"skinControllerId":{"uuid":"A7720A8A-4606-43A1-A7D2-D58A8D65BB5A"},"skeleton":[{"uuid":"6E820884-87F8-4FDF-896B-DDAB14050456"},{"uuid":"5C20438B-3256-40D5-B6F4-A909F4E898AF"},{"uuid":"854CA763-7768-44A6-8E2A-124C64F3208A"},{"uuid":"71ABD15F-D5B6-4B57-852E-2E46318F1AB8"},{"uuid":"42D31088-D8CA-4F9B-B66B-831E894B2B29"},{"uuid":"A8EC46E2-2D75-469C-9BBE-98F43F376C1D"},{"uuid":"76651B10-F29D-4F3D-BA7F-74F6D62DB653"},{"uuid":"BC4F34A0-3E69-4125-848A-2D5081ED2E0B"},{"uuid":"0F23DA18-614F-4C90-8BE8-3D9E5231CE31"},{"uuid":"AE700C70-395A-4EDC-8A25-15F79940D6D6"},{"uuid":"4F301305-F6A8-4A1E-BF51-BF2A7B63BFE1"},{"uuid":"AC7F6084-DEB3-4B67-8ADB-830F80B92A08"},{"uuid":"091EC288-D456-4758-A64F-F0D755F82319"},{"uuid":"C3DD05CA-2253-4586-A284-6DA463F08FEF"},{"uuid":"9C92CE52-94D9-42A1-8727-4D2B2DF6D025"},{"uuid":"0AB35156-C5C5-464D-B25F-EBE902DBA19C"},{"uuid":"B7DE0E8E-950B-4801-ABEB-052790EEE51D"},{"uuid":"BD8053BD-0739-4FCB-98B9-C945C815C298"},{"uuid":"7D3230BA-0EA1-4071-8DBB-10D5CBCB5BF0"},{"uuid":"761EEDF6-32E2-4513-9DFB-6684711361FF"},{"uuid":"AF239B32-FF92-449E-BEB5-7DFCECBC0E81"},{"uuid":"046FF432-FE1F-49FC-A7C8-C71BFE98B92F"},{"uuid":"03960BF4-1E7B-449A-AD58-282197135C16"},{"uuid":"825B480C-C6E9-42A1-B5AC-8B882E1D602E"},{"uuid":"7F0AAD01-E8D7-4BCF-B878-ACED4DC7E09A"},{"uuid":"A2C538D6-757A-4FA0-8989-25728F5E6DA2"},{"uuid":"6A06213E-E362-41C5-9216-4E2BFEDED6B4"},{"uuid":"27A96864-25D0-4C94-BC39-C2CF76D5C10E"},{"uuid":"797CDD86-263E-4406-A0D8-CD33F1CA0F89"},{"uuid":"1C206A09-5E64-4EBA-B87F-669DDE13EDBE"},{"uuid":"4527914E-4867-4999-9AA5-A80E6E4B963E"},{"uuid":"4F9B56F9-29A5-4D23-87C2-8FD991417E18"},{"uuid":"5C76C4AE-74B0-4C34-AF27-B87D78B4687E"},{"uuid":"48F05C25-2825-416C-A886-2CD9B984F106"},{"uuid":"CFA8ACE1-2417-473F-8129-67E967429708"},{"uuid":"77861300-797D-496C-8370-BE2C8757D929"},{"uuid":"3C5FE383-FF8A-45B2-A0C1-E99900189E4F"},{"uuid":"078BE1F9-43AB-46DB-BE23-A3B5DEBA99BA"},{"uuid":"9220C988-47D3-48B2-B109-D0BF37E8E267"},{"uuid":"127E07B5-D37B-43AD-ACE8-81570FC15069"},{"uuid":"50C3EBD0-91D1-4334-8802-5D120A6605AA"},{"uuid":"6DEFBDB3-234D-415C-91B0-2A1FB009C84D"},{"uuid":"785F92A8-D1D3-4DA1-8DB4-73167DF11E4C"},{"uuid":"8A875A49-CB08-47A9-BE48-BA4CDD83474C"},{"uuid":"11DF2DF2-0A5E-481D-A73F-DE6B5DB75897"},{"uuid":"722CEAD7-60A8-4C58-A01A-D0ACE1C0069D"},{"uuid":"D16E8E7E-2FFF-4868-B4AE-09ECA70BC1FE"},{"uuid":"77D465E8-EDED-4AF5-83D7-4227B68E8B17"},{"uuid":"6E5061D3-5BCC-4ACB-ABF8-502D82DB8849"},{"uuid":"543BB55D-4584-4CE7-9CAE-E83B7B845E6A"},{"uuid":"F15E3650-022D-4727-91EE-69EB0372538C"},{"uuid":"8C772F67-A3B4-4168-AA04-9766E2D73B5E"},{"uuid":"287B761F-4EE8-4A87-B4BB-BF9986DB0B46"},{"uuid":"2D2AEFFD-7259-4D1B-921F-91E5102884F1"},{"uuid":"32C1F034-AD31-45B3-82C2-F4F1D8475E2D"},{"uuid":"CC8114BC-ED7C-4A83-81E7-28E75F0409B1"},{"uuid":"A88D6D7A-2601-4E3E-82CB-066002981382"},{"uuid":"661B1B87-2DFA-4631-B34D-D1CA0DA40AF2"},{"uuid":"121917CB-BF46-411D-9248-7D48483F0555"},{"uuid":"B366A0A1-390E-4D2B-9F6B-E210D7E86BE5"},{"uuid":"FF2A426A-6542-4868-B010-979B5AA3B299"},{"uuid":"AF12C6D6-7728-44C4-98E5-3B010E392525"},{"uuid":"29F3A8B4-3836-4023-BA4A-E93A00985876"}],"static":false,"shadowCast":true,"shadowReceive":false},"material":{"@class":"BaseComponentMaterial","materialId":{"uuid":"E940F1B0-2948-4C82-997A-0DA60B507CC3"},"mapsStates":111},"transform":{"@class":"BaseComponentTransformable","localTransforms":{"values":[1.0,0.0,0.0,0.0,0.0,1.0,0.0,0.0,0.0,0.0,1.0,0.0,0.0,0.0,0.0,1.0]}},"metadata":{"importedIdentifier":"GG_girl_body.001","importedName":"GG_girl_body.001","isBone":false}}},{"@class":"BaseNode","object3D":{"@class":"BaseObject3D","id":{"uuid":"50427BC0-0B23-4012-AD48-A11BDCC2D831"},"name":"GG_girl_pants","enabled":true,"visible":true,"hitVisible":true,"geometry":{"@class":"BaseComponentGeometry","meshId":{"uuid":"E999EBF0-7F8B-484D-A0C3-94BD1591B7C9"},"skinControllerId":{"uuid":"321C6D51-3837-4E6E-A413-73DBD33C8CCF"},"skeleton":[{"uuid":"6E820884-87F8-4FDF-896B-DDAB14050456"},{"uuid":"5C20438B-3256-40D5-B6F4-A909F4E898AF"},{"uuid":"854CA763-7768-44A6-8E2A-124C64F3208A"},{"uuid":"71ABD15F-D5B6-4B57-852E-2E46318F1AB8"},{"uuid":"42D31088-D8CA-4F9B-B66B-831E894B2B29"},{"uuid":"A8EC46E2-2D75-469C-9BBE-98F43F376C1D"},{"uuid":"76651B10-F29D-4F3D-BA7F-74F6D62DB653"},{"uuid":"BC4F34A0-3E69-4125-848A-2D5081ED2E0B"},{"uuid":"0F23DA18-614F-4C90-8BE8-3D9E5231CE31"},{"uuid":"AE700C70-395A-4EDC-8A25-15F79940D6D6"},{"uuid":"4F301305-F6A8-4A1E-BF51-BF2A7B63BFE1"},{"uuid":"AC7F6084-DEB3-4B67-8ADB-830F80B92A08"},{"uuid":"091EC288-D456-4758-A64F-F0D755F82319"},{"uuid":"C3DD05CA-2253-4586-A284-6DA463F08FEF"},{"uuid":"9C92CE52-94D9-42A1-8727-4D2B2DF6D025"},{"uuid":"0AB35156-C5C5-464D-B25F-EBE902DBA19C"},{"uuid":"B7DE0E8E-950B-4801-ABEB-052790EEE51D"},{"uuid":"BD8053BD-0739-4FCB-98B9-C945C815C298"},{"uuid":"7D3230BA-0EA1-4071-8DBB-10D5CBCB5BF0"},{"uuid":"761EEDF6-32E2-4513-9DFB-6684711361FF"},{"uuid":"AF239B32-FF92-449E-BEB5-7DFCECBC0E81"},{"uuid":"046FF432-FE1F-49FC-A7C8-C71BFE98B92F"},{"uuid":"03960BF4-1E7B-449A-AD58-282197135C16"},{"uuid":"825B480C-C6E9-42A1-B5AC-8B882E1D602E"},{"uuid":"7F0AAD01-E8D7-4BCF-B878-ACED4DC7E09A"},{"uuid":"A2C538D6-757A-4FA0-8989-25728F5E6DA2"},{"uuid":"6A06213E-E362-41C5-9216-4E2BFEDED6B4"},{"uuid":"27A96864-25D0-4C94-BC39-C2CF76D5C10E"},{"uuid":"797CDD86-263E-4406-A0D8-CD33F1CA0F89"},{"uuid":"1C206A09-5E64-4EBA-B87F-669DDE13EDBE"},{"uuid":"4527914E-4867-4999-9AA5-A80E6E4B963E"},{"uuid":"4F9B56F9-29A5-4D23-87C2-8FD991417E18"},{"uuid":"5C76C4AE-74B0-4C34-AF27-B87D78B4687E"},{"uuid":"48F05C25-2825-416C-A886-2CD9B984F106"},{"uuid":"CFA8ACE1-2417-473F-8129-67E967429708"},{"uuid":"77861300-797D-496C-8370-BE2C8757D929"},{"uuid":"3C5FE383-FF8A-45B2-A0C1-E99900189E4F"},{"uuid":"078BE1F9-43AB-46DB-BE23-A3B5DEBA99BA"},{"uuid":"9220C988-47D3-48B2-B109-D0BF37E8E267"},{"uuid":"127E07B5-D37B-43AD-ACE8-81570FC15069"},{"uuid":"50C3EBD0-91D1-4334-8802-5D120A6605AA"},{"uuid":"6DEFBDB3-234D-415C-91B0-2A1FB009C84D"},{"uuid":"785F92A8-D1D3-4DA1-8DB4-73167DF11E4C"},{"uuid":"8A875A49-CB08-47A9-BE48-BA4CDD83474C"},{"uuid":"11DF2DF2-0A5E-481D-A73F-DE6B5DB75897"},{"uuid":"722CEAD7-60A8-4C58-A01A-D0ACE1C0069D"},{"uuid":"D16E8E7E-2FFF-4868-B4AE-09ECA70BC1FE"},{"uuid":"77D465E8-EDED-4AF5-83D7-4227B68E8B17"},{"uuid":"6E5061D3-5BCC-4ACB-ABF8-502D82DB8849"},{"uuid":"543BB55D-4584-4CE7-9CAE-E83B7B845E6A"},{"uuid":"F15E3650-022D-4727-91EE-69EB0372538C"},{"uuid":"8C772F67-A3B4-4168-AA04-9766E2D73B5E"},{"uuid":"287B761F-4EE8-4A87-B4BB-BF9986DB0B46"},{"uuid":"2D2AEFFD-7259-4D1B-921F-91E5102884F1"},{"uuid":"32C1F034-AD31-45B3-82C2-F4F1D8475E2D"},{"uuid":"CC8114BC-ED7C-4A83-81E7-28E75F0409B1"},{"uuid":"A88D6D7A-2601-4E3E-82CB-066002981382"},{"uuid":"661B1B87-2DFA-4631-B34D-D1CA0DA40AF2"},{"uuid":"121917CB-BF46-411D-9248-7D48483F0555"},{"uuid":"B366A0A1-390E-4D2B-9F6B-E210D7E86BE5"},{"uuid":"FF2A426A-6542-4868-B010-979B5AA3B299"},{"uuid":"AF12C6D6-7728-44C4-98E5-3B010E392525"},{"uuid":"29F3A8B4-3836-4023-BA4A-E93A00985876"}],"static":false,"shadowCast":true,"shadowReceive":false},"material":{"@class":"BaseComponentMaterial","materialId":{"uuid":"CF4FA9F5-026A-4B04-97AC-C8D244660076"},"mapsStates":111},"transform":{"@class":"BaseComponentTransformable","localTransforms":{"values":[1.0,0.0,0.0,0.0,0.0,1.0,0.0,0.0,0.0,0.0,1.0,0.0,0.0,0.0,0.0,1.0]}},"metadata":{"importedIdentifier":"GG_girl_body.001","importedName":"GG_girl_body.001","isBone":false}}},{"@class":"BaseNode","object3D":{"@class":"BaseObject3D","id":{"uuid":"E617C364-95CE-4AF6-827C-719912FD7EB1"},"name":"G_male_base_armature","enabled":true,"visible":true,"hitVisible":true,"transform":{"@class":"BaseComponentTransformable","localTransforms":{"values":[1.0,0.0,0.0,0.0,0.0,1.0,0.0,0.0,0.0,0.0,1.0,0.0,0.0,0.0,0.0,1.0]}},"metadata":{"importedIdentifier":"G_male_base_armature","importedName":"G_male_base_armature","isBone":false}},"children":["6E820884-87F8-4FDF-896B-DDAB14050456"]},{"@class":"BaseNode","object3D":{"@class":"BaseObject3D","id":{"uuid":"6E820884-87F8-4FDF-896B-DDAB14050456"},"name":"root_bone","enabled":true,"visible":true,"hitVisible":true,"transform":{"@class":"BaseComponentTransformable","localTransforms":{"values":[1.0,0.0,0.0,0.0,0.0,1.0,0.0,0.0,0.0,0.0,1.0,0.0,0.0,0.0,0.0,1.0]}},"metadata":{"importedIdentifier":"root_bone","importedName":"root_bone","isBone":true}},"children":["5C20438B-3256-40D5-B6F4-A909F4E898AF"]},{"@class":"BaseNode","object3D":{"@class":"BaseObject3D","id":{"uuid":"5C20438B-3256-40D5-B6F4-A909F4E898AF"},"name":"Hips","enabled":true,"visible":true,"hitVisible":true,"transform":{"@class":"BaseComponentTransformable","localTransforms":{"values":[1.0,0.0,0.0,0.0,0.0,0.9950833916664124,0.09904081374406815,0.0,0.0,-0.09904081374406815,0.9950833916664124,0.0,4.636337536112478e-9,0.7207000255584717,0.02300144173204899,1.0]}},"metadata":{"importedIdentifier":"Hips","importedName":"Hips","isBone":true}},"children":["854CA763-7768-44A6-8E2A-124C64F3208A","CC8114BC-ED7C-4A83-81E7-28E75F0409B1","B366A0A1-390E-4D2B-9F6B-E210D7E86BE5"]},{"@class":"BaseNode","object3D":{"@class":"BaseObject3D","id":{"uuid":"854CA763-7768-44A6-8E2A-124C64F3208A"},"name":"spine","enabled":true,"visible":true,"hitVisible":true,"transform":{"@class":"BaseComponentTransformable","localTransforms":{"values":[1.0,0.0,-0.0,0.0,-0.0,0.9966453313827515,-0.08184228092432022,0.0,0.0,0.08184228092432022,0.9966453313827515,0.0,-1.0767014641269961e-17,0.10535038262605667,0.0,1.0]}},"metadata":{"importedIdentifier":"spine","importedName":"spine","isBone":true}},"children":["71ABD15F-D5B6-4B57-852E-2E46318F1AB8"]},{"@class":"BaseNode","object3D":{"@class":"BaseObject3D","id":{"uuid":"71ABD15F-D5B6-4B57-852E-2E46318F1AB8"},"name":"chest_bottom","enabled":true,"visible":true,"hitVisible":true,"transform":{"@class":"BaseComponentTransformable","localTransforms":{"values":[1.0,0.0,-0.0,0.0,-0.0,0.9258708953857422,-0.3778403401374817,0.0,0.0,0.3778403401374817,0.9258708953857422,0.0,4.4147911421904548e-18,0.1246732845902443,0.0,1.0]}},"metadata":{"importedIdentifier":"chest_bottom","importedName":"chest_bottom","isBone":true}},"children":["42D31088-D8CA-4F9B-B66B-831E894B2B29"]},{"@class":"BaseNode","object3D":{"@class":"BaseObject3D","id":{"uuid":"42D31088-D8CA-4F9B-B66B-831E894B2B29"},"name":"chest","enabled":true,"visible":true,"hitVisible":true,"transform":{"@class":"BaseComponentTransformable","localTransforms":{"values":[1.0,0.0,0.0,0.0,0.0,0.9071835279464722,0.4207352101802826,0.0,0.0,-0.4207352101802826,0.9071835279464722,0.0,-3.5729959356620646e-16,0.10561411082744599,-6.05359673500061e-8,1.0]}},"metadata":{"importedIdentifier":"chest","importedName":"chest","isBone":true}},"children":["A8EC46E2-2D75-469C-9BBE-98F43F376C1D","BD8053BD-0739-4FCB-98B9-C945C815C298","3C5FE383-FF8A-45B2-A0C1-E99900189E4F"]},{"@class":"BaseNode","object3D":{"@class":"BaseObject3D","id":{"uuid":"A8EC46E2-2D75-469C-9BBE-98F43F376C1D"},"name":"neck","enabled":true,"visible":true,"hitVisible":true,"transform":{"@class":"BaseComponentTransformable","localTransforms":{"values":[1.0,-1.2603511834186066e-7,2.023822531782571e-7,0.0,-1.4210854715202005e-14,0.8488525748252869,0.5286296606063843,0.0,-2.3841860752327195e-7,-0.5286296606063843,0.8488525748252869,0.0,-1.605935425069241e-17,0.12792500853538514,-5.587935447692871e-9,1.0]}},"metadata":{"importedIdentifier":"neck","importedName":"neck","isBone":true}},"children":["76651B10-F29D-4F3D-BA7F-74F6D62DB653"]},{"@class":"BaseNode","object3D":{"@class":"BaseObject3D","id":{"uuid":"76651B10-F29D-4F3D-BA7F-74F6D62DB653"},"name":"Head","enabled":true,"visible":true,"hitVisible":true,"transform":{"@class":"BaseComponentTransformable","localTransforms":{"values":[1.0,-1.4210854715202005e-14,-2.384186643666908e-7,0.0,-1.3873288651211625e-7,0.8132690787315369,-0.5818877816200256,0.0,1.9389852923268337e-7,0.5818877816200256,0.8132690787315369,0.0,2.1760371282653069e-14,0.07300581783056259,1.1175870007207323e-8,1.0]}},"metadata":{"importedIdentifier":"Head","importedName":"Head","isBone":true}},"children":["BC4F34A0-3E69-4125-848A-2D5081ED2E0B","AC7F6084-DEB3-4B67-8ADB-830F80B92A08","0AB35156-C5C5-464D-B25F-EBE902DBA19C","B7DE0E8E-950B-4801-ABEB-052790EEE51D"]},{"@class":"BaseNode","object3D":{"@class":"BaseObject3D","id":{"uuid":"BC4F34A0-3E69-4125-848A-2D5081ED2E0B"},"name":"braid1.L","enabled":true,"visible":true,"hitVisible":true,"transform":{"@class":"BaseComponentTransformable","localTransforms":{"values":[0.9762457013130188,0.19244544208049775,0.09954395145177841,0.0,0.21430176496505738,-0.9253396391868591,-0.3127639591693878,0.0,0.031921979039907458,0.326666921377182,-0.9446003437042236,0.0,0.04437484219670296,0.05454420670866966,-0.08088252693414688,1.0]}},"metadata":{"importedIdentifier":"braid1.L","importedName":"braid1.L","isBone":true}},"children":["0F23DA18-614F-4C90-8BE8-3D9E5231CE31"]},{"@class":"BaseNode","object3D":{"@class":"BaseObject3D","id":{"uuid":"0F23DA18-614F-4C90-8BE8-3D9E5231CE31"},"name":"braid2.L","enabled":true,"visible":true,"hitVisible":true,"transform":{"@class":"BaseComponentTransformable","localTransforms":{"values":[0.9975318312644959,-0.07006576657295227,0.004582814406603575,0.0,0.07020866125822067,0.9943976402282715,-0.07901959866285324,0.0,0.00097942934371531,0.07914631813764572,0.996862530708313,0.0,-2.7474015951156617e-8,0.06958431750535965,4.6566128730773929e-9,1.0]}},"metadata":{"importedIdentifier":"braid2.L","importedName":"braid2.L","isBone":true}},"children":["AE700C70-395A-4EDC-8A25-15F79940D6D6"]},{"@class":"BaseNode","object3D":{"@class":"BaseObject3D","id":{"uuid":"AE700C70-395A-4EDC-8A25-15F79940D6D6"},"name":"braid3.L","enabled":true,"visible":true,"hitVisible":true,"transform":{"@class":"BaseComponentTransformable","localTransforms":{"values":[0.9995797276496887,0.028919076547026635,-0.0020027875434607269,0.0,-0.02897297404706478,0.9944127798080444,-0.10150718688964844,0.0,-0.0009438964771106839,0.1015225499868393,0.9948327541351318,0.0,-1.3504177331924439e-8,0.053163792937994,1.6996636986732484e-8,1.0]}},"metadata":{"importedIdentifier":"braid3.L","importedName":"braid3.L","isBone":true}},"children":["4F301305-F6A8-4A1E-BF51-BF2A7B63BFE1"]},{"@class":"BaseNode","object3D":{"@class":"BaseObject3D","id":{"uuid":"4F301305-F6A8-4A1E-BF51-BF2A7B63BFE1"},"name":"braid4.L","enabled":true,"visible":true,"hitVisible":true,"transform":{"@class":"BaseComponentTransformable","localTransforms":{"values":[0.9999998211860657,-0.0006191514548845589,-0.00017798470798879862,0.0,0.0006241354276426137,0.9995640516281128,0.029518133029341699,0.0,0.00015963093028403819,-0.029518237337470056,0.9995642304420471,0.0,3.259629011154175e-8,0.04132181778550148,-2.2351741790771486e-8,1.0]}},"metadata":{"importedIdentifier":"braid4.L","importedName":"braid4.L","isBone":true}}},{"@class":"BaseNode","object3D":{"@class":"BaseObject3D","id":{"uuid":"AC7F6084-DEB3-4B67-8ADB-830F80B92A08"},"name":"braid1.R","enabled":true,"visible":true,"hitVisible":true,"transform":{"@class":"BaseComponentTransformable","localTransforms":{"values":[0.9762457013130188,-0.19244544208049775,-0.09954395145177841,0.0,-0.21430176496505738,-0.9253396391868591,-0.3127639591693878,0.0,-0.031921979039907458,0.326666921377182,-0.9446003437042236,0.0,-0.044374849647283557,0.05454420670866966,-0.08088252693414688,1.0]}},"metadata":{"importedIdentifier":"braid1.R","importedName":"braid1.R","isBone":true}},"children":["091EC288-D456-4758-A64F-F0D755F82319"]},{"@class":"BaseNode","object3D":{"@class":"BaseObject3D","id":{"uuid":"091EC288-D456-4758-A64F-F0D755F82319"},"name":"braid2.R","enabled":true,"visible":true,"hitVisible":true,"transform":{"@class":"BaseComponentTransformable","localTransforms":{"values":[0.9975318312644959,0.07006576657295227,-0.004582814406603575,0.0,-0.07020866125822067,0.9943976402282715,-0.07901959866285324,0.0,-0.00097942934371531,0.07914631813764572,0.996862530708313,0.0,2.7474015951156617e-8,0.06958431750535965,4.6566128730773929e-9,1.0]}},"metadata":{"importedIdentifier":"braid2.R","importedName":"braid2.R","isBone":true}},"children":["C3DD05CA-2253-4586-A284-6DA463F08FEF"]},{"@class":"BaseNode","object3D":{"@class":"BaseObject3D","id":{"uuid":"C3DD05CA-2253-4586-A284-6DA463F08FEF"},"name":"braid3.R","enabled":true,"visible":true,"hitVisible":true,"transform":{"@class":"BaseComponentTransformable","localTransforms":{"values":[0.9995797276496887,-0.028919076547026635,0.0020027875434607269,0.0,0.02897297404706478,0.9944127798080444,-0.10150718688964844,0.0,0.0009438964771106839,0.1015225499868393,0.9948327541351318,0.0,1.3504177331924439e-8,0.053163792937994,1.6996636986732484e-8,1.0]}},"metadata":{"importedIdentifier":"braid3.R","importedName":"braid3.R","isBone":true}},"children":["9C92CE52-94D9-42A1-8727-4D2B2DF6D025"]},{"@class":"BaseNode","object3D":{"@class":"BaseObject3D","id":{"uuid":"9C92CE52-94D9-42A1-8727-4D2B2DF6D025"},"name":"braid4.R","enabled":true,"visible":true,"hitVisible":true,"transform":{"@class":"BaseComponentTransformable","localTransforms":{"values":[0.9999998211860657,0.0006191514548845589,0.00017798470798879862,0.0,-0.0006241354276426137,0.9995640516281128,0.029518133029341699,0.0,-0.00015963093028403819,-0.029518237337470056,0.9995642304420471,0.0,-3.259629011154175e-8,0.04132181778550148,-2.2351741790771486e-8,1.0]}},"metadata":{"importedIdentifier":"braid4.R","importedName":"braid4.R","isBone":true}}},{"@class":"BaseNode","object3D":{"@class":"BaseObject3D","id":{"uuid":"0AB35156-C5C5-464D-B25F-EBE902DBA19C"},"name":"eye.L","enabled":true,"visible":true,"hitVisible":true,"transform":{"@class":"BaseComponentTransformable","localTransforms":{"values":[0.9999523162841797,0.00976785272359848,4.656612873077393e-10,0.0,4.656613428188905e-10,-7.104973320792851e-8,1.0,0.0,0.009767853654921055,-0.9999523758888245,-7.104973320792851e-8,0.0,0.0316876545548439,0.059536464512348178,0.05735813081264496,1.0]}},"metadata":{"importedIdentifier":"eye.L","importedName":"eye.L","isBone":true}}},{"@class":"BaseNode","object3D":{"@class":"BaseObject3D","id":{"uuid":"B7DE0E8E-950B-4801-ABEB-052790EEE51D"},"name":"eye.R","enabled":true,"visible":true,"hitVisible":true,"transform":{"@class":"BaseComponentTransformable","localTransforms":{"values":[0.9999523162841797,-0.00976785272359848,-4.656612873077393e-10,0.0,-4.656613428188905e-10,-7.104973320792851e-8,1.0,0.0,-0.009767853654921055,-0.9999523758888245,-7.104973320792851e-8,0.0,-0.0316876620054245,0.059536464512348178,0.05735813081264496,1.0]}},"metadata":{"importedIdentifier":"eye.R","importedName":"eye.R","isBone":true}}},{"@class":"BaseNode","object3D":{"@class":"BaseObject3D","id":{"uuid":"BD8053BD-0739-4FCB-98B9-C945C815C298"},"name":"shoulder.L","enabled":true,"visible":true,"hitVisible":true,"transform":{"@class":"BaseComponentTransformable","localTransforms":{"values":[0.06764089316129685,-0.1561739593744278,-0.9854108095169067,0.0,0.980903148651123,-0.17011217772960664,0.09429202973842621,0.0,-0.18235625326633454,-0.9729705452919006,0.14168484508991242,0.0,0.02150789648294449,0.10765096545219422,-0.002106581348925829,1.0]}},"metadata":{"importedIdentifier":"shoulder.L","importedName":"shoulder.L","isBone":true}},"children":["7D3230BA-0EA1-4071-8DBB-10D5CBCB5BF0"]},{"@class":"BaseNode","object3D":{"@class":"BaseObject3D","id":{"uuid":"7D3230BA-0EA1-4071-8DBB-10D5CBCB5BF0"},"name":"arm.L","enabled":true,"visible":true,"hitVisible":true,"transform":{"@class":"BaseComponentTransformable","localTransforms":{"values":[0.9249210953712463,-0.11421404778957367,-0.362596333026886,0.0,0.08543689548969269,0.9918530583381653,-0.09448843449354172,0.0,0.3704341650009155,0.05641523748636246,0.927143931388855,0.0,-9.313225746154786e-10,0.10115363448858261,-8.96397978067398e-9,1.0]}},"metadata":{"importedIdentifier":"arm.L","importedName":"arm.L","isBone":true}},"children":["761EEDF6-32E2-4513-9DFB-6684711361FF"]},{"@class":"BaseNode","object3D":{"@class":"BaseObject3D","id":{"uuid":"761EEDF6-32E2-4513-9DFB-6684711361FF"},"name":"forearm.L","enabled":true,"visible":true,"hitVisible":true,"transform":{"@class":"BaseComponentTransformable","localTransforms":{"values":[0.9933432340621948,0.10438945144414902,0.04870320484042168,0.0,-0.09873393177986145,0.9893640279769898,-0.1068200170993805,0.0,-0.05933607742190361,0.10130027681589127,0.9930847883224487,0.0,1.3969838619232178e-8,0.19017374515533448,-5.960464477539063e-8,1.0]}},"metadata":{"importedIdentifier":"forearm.L","importedName":"forearm.L","isBone":true}},"children":["AF239B32-FF92-449E-BEB5-7DFCECBC0E81"]},{"@class":"BaseNode","object3D":{"@class":"BaseObject3D","id":{"uuid":"AF239B32-FF92-449E-BEB5-7DFCECBC0E81"},"name":"hand.L","enabled":true,"visible":true,"hitVisible":true,"transform":{"@class":"BaseComponentTransformable","localTransforms":{"values":[0.9746582508087158,-0.06213800236582756,0.21489611268043519,0.0,0.06803402304649353,0.9974795579910278,-0.020142486318945886,0.0,-0.21310286223888398,0.03425228223204613,0.9764292240142822,0.0,2.0489096641540528e-8,0.19729679822921754,-9.96515154838562e-8,1.0]}},"metadata":{"importedIdentifier":"hand.L","importedName":"hand.L","isBone":true}},"children":["046FF432-FE1F-49FC-A7C8-C71BFE98B92F","7F0AAD01-E8D7-4BCF-B878-ACED4DC7E09A","27A96864-25D0-4C94-BC39-C2CF76D5C10E","4527914E-4867-4999-9AA5-A80E6E4B963E","48F05C25-2825-416C-A886-2CD9B984F106","7B2F5531-7D50-4A30-9338-EE678A9A6FA9","B21E04EE-7AE7-4F97-AB3F-D826B9F55F7D"]},{"@class":"BaseNode","object3D":{"@class":"BaseObject3D","id":{"uuid":"046FF432-FE1F-49FC-A7C8-C71BFE98B92F"},"name":"f_Thumb1.L","enabled":true,"visible":true,"hitVisible":true,"transform":{"@class":"BaseComponentTransformable","localTransforms":{"values":[0.6348444819450378,0.4964323341846466,0.5920535922050476,0.0,-0.7130138278007507,0.6715964078903198,0.20141884684562684,0.0,-0.29763028025627139,-0.5500120520591736,0.7803224921226502,0.0,-0.01185431145131588,0.013168016448616982,0.006381356157362461,1.0]}},"metadata":{"importedIdentifier":"f_Thumb1.L","importedName":"f_Thumb1.L","isBone":true}},"children":["03960BF4-1E7B-449A-AD58-282197135C16"]},{"@class":"BaseNode","object3D":{"@class":"BaseObject3D","id":{"uuid":"03960BF4-1E7B-449A-AD58-282197135C16"},"name":"f_Thumb2.L","enabled":true,"visible":true,"hitVisible":true,"transform":{"@class":"BaseComponentTransformable","localTransforms":{"values":[0.977770209312439,-0.20626111328601838,0.03770773857831955,0.0,0.20876990258693696,0.974389910697937,-0.08354321122169495,0.0,-0.01951032318174839,0.08955830335617066,0.9957904815673828,0.0,7.078051567077637e-8,0.02944406121969223,-8.940696716308594e-8,1.0]}},"metadata":{"importedIdentifier":"f_Thumb2.L","importedName":"f_Thumb2.L","isBone":true}},"children":["825B480C-C6E9-42A1-B5AC-8B882E1D602E"]},{"@class":"BaseNode","object3D":{"@class":"BaseObject3D","id":{"uuid":"825B480C-C6E9-42A1-B5AC-8B882E1D602E"},"name":"f_Thumb3.L","enabled":true,"visible":true,"hitVisible":true,"transform":{"@class":"BaseComponentTransformable","localTransforms":{"values":[0.9975029230117798,-0.07059921324253082,0.0019259139662608505,0.0,0.0704638659954071,0.9966939687728882,0.04044751450419426,0.0,-0.004775109235197306,-0.04021080210804939,0.9991798400878906,0.0,4.0978193283081057e-8,0.025357935577630998,-5.774199962615967e-8,1.0]}},"metadata":{"importedIdentifier":"f_Thumb3.L","importedName":"f_Thumb3.L","isBone":true}}},{"@class":"BaseNode","object3D":{"@class":"BaseObject3D","id":{"uuid":"7F0AAD01-E8D7-4BCF-B878-ACED4DC7E09A"},"name":"f_Index1.L","enabled":true,"visible":true,"hitVisible":true,"transform":{"@class":"BaseComponentTransformable","localTransforms":{"values":[0.9595581889152527,0.2674364149570465,0.08789698034524918,0.0,-0.2753925025463104,0.9565150141716003,0.0961146205663681,0.0,-0.05837024003267288,-0.11643373966217041,0.9914817810058594,0.0,-0.01729387603700161,0.07055642455816269,0.004436574876308441,1.0]}},"metadata":{"importedIdentifier":"f_Index1.L","importedName":"f_Index1.L","isBone":true}},"children":["A2C538D6-757A-4FA0-8989-25728F5E6DA2"]},{"@class":"BaseNode","object3D":{"@class":"BaseObject3D","id":{"uuid":"A2C538D6-757A-4FA0-8989-25728F5E6DA2"},"name":"f_Index2.L","enabled":true,"visible":true,"hitVisible":true,"transform":{"@class":"BaseComponentTransformable","localTransforms":{"values":[0.997866153717041,-0.05782996490597725,0.0303154606372118,0.0,0.05333869531750679,0.9897632598876953,0.13237783312797547,0.0,-0.03766052424907684,-0.13047833740711213,0.990735650062561,0.0,7.450580596923828e-9,0.024739496409893037,2.0256265997886659e-8,1.0]}},"metadata":{"importedIdentifier":"f_Index2.L","importedName":"f_Index2.L","isBone":true}},"children":["6A06213E-E362-41C5-9216-4E2BFEDED6B4"]},{"@class":"BaseNode","object3D":{"@class":"BaseObject3D","id":{"uuid":"6A06213E-E362-41C5-9216-4E2BFEDED6B4"},"name":"f_Index3.L","enabled":true,"visible":true,"hitVisible":true,"transform":{"@class":"BaseComponentTransformable","localTransforms":{"values":[0.9982223510742188,0.03342559561133385,-0.04934392869472504,0.0,-0.031049346551299096,0.9983568787574768,0.