[
    {
        "@class": "BaseNode",
        "object3D": {
            "@class": "BaseObject3D",
            "id": {
                "uuid": "700BC0CC-4D7B-45E5-A7C4-A91B62B68FB6"
            },
            "name": "Scene_Planks_Broken",
            "enabled": true,
            "visible": true,
            "hitVisible": true,
            "transform": {
                "@class": "BaseComponentTransformable",
                "localTransforms": {
                    "values": [
                        1.0,
                        0.0,
                        0.0,
                        0.0,
                        0.0,
                        1.0,
                        0.0,
                        0.0,
                        0.0,
                        0.0,
                        1.0,
                        0.0,
                        0.0,
                        0.0,
                        0.0,
                        1.0
                    ]
                },
                "globalTransforms": {
                    "values": [
                        1.0,
                        0.0,
                        0.0,
                        0.0,
                        0.0,
                        1.0,
                        0.0,
                        0.0,
                        0.0,
                        0.0,
                        1.0,
                        0.0,
                        -23.344999313354493,
                        0.0,
                        0.0,
                        1.0
                    ]
                }
            },
            "metadata": {
                "importedIdentifier": "RootNode",
                "importedName": "RootNode",
                "isBone": false
            }
        },
        "children": [
            "962C058A-3674-4158-A798-3E3637110DF5",
            "4FA305E0-6192-4BAC-9543-90F1F747A388",
            "451BB2B3-EC6F-4829-AE06-42940F023802",
            "60DF0FFA-58DB-450E-B046-E29EE7A592E7",
            "2E3996CD-3879-4388-8608-3F5270AFD907",
            "17E89D18-3A57-4324-810D-A10162C9643A"
        ]
    },
    {
        "@class": "BaseNode",
        "object3D": {
            "@class": "BaseObject3D",
            "id": {
                "uuid": "962C058A-3674-4158-A798-3E3637110DF5"
            },
            "name": "Plank_Br_1_1",
            "enabled": false,
            "visible": true,
            "hitVisible": true,
            "colliders": [
                {
                    "@class": "BaseComponentCollider",
                    "colliderId": {
                        "uuid": "8A750C68-5694-4309-87A9-E5A032E3B5AF"
                    }
                }
            ],
            "geometry": {
                "@class": "BaseComponentGeometry",
                "meshId": {
                    "uuid": "45966B6C-7FB1-4C20-97A2-6D1595D9A01A"
                },
                "static": false,
                "shadowCast": true,
                "shadowReceive": true
            },
            "material": {
                "@class": "BaseComponentMaterial",
                "materialId": {
                    "uuid": "B7A4B25E-8AEF-4EEE-89CE-952721B7D38A"
                }
            },
            "rigidBody": {
                "@class": "BaseComponentPhysBody",
                "rigidBodyId": {
                    "uuid": "3D8EA8C1-01F4-444C-9A72-838BEAA76719"
                },
                "isEnabled": true
            },
            "transform": {
                "@class": "BaseComponentTransformable",
                "localTransforms": {
                    "values": [
                        0.05758199095726013,
                        0.09715724736452103,
                        -0.9936019778251648,
                        0.0,
                        0.01935349591076374,
                        0.994957685470581,
                        0.09841139614582062,
                        0.0,
                        0.9981532692909241,
                        -0.024896394461393358,
                        0.055411286652088168,
                        0.0,
                        9.638519287109375,
                        -0.3233431875705719,
                        0.5957896709442139,
                        1.0
                    ]
                },
                "globalTransforms": {
                    "values": [
                        0.05758199095726013,
                        0.09715724736452103,
                        -0.9936019778251648,
                        0.0,
                        0.01935349591076374,
                        0.994957685470581,
                        0.09841139614582062,
                        0.0,
                        0.9981532692909241,
                        -0.024896394461393358,
                        0.055411286652088168,
                        0.0,
                        -13.706480026245118,
                        -0.3233431875705719,
                        0.5957896709442139,
                        1.0
                    ]
                }
            },
            "metadata": {
                "importedIdentifier": "Plank_Br_1_1",
                "importedName": "Plank_Br_1_1",
                "isBone": false
            }
        },
        "children": [
            "F8114185-65FE-4B2B-908F-EE354B6441DA",
            "45B9C1B5-4284-42B9-AB61-8B43C5795151"
        ]
    },
    {
        "@class": "BaseNode",
        "object3D": {
            "@class": "BaseObject3D",
            "id": {
                "uuid": "F8114185-65FE-4B2B-908F-EE354B6441DA"
            },
            "name": "Speaker_1_1",
            "enabled": true,
            "visible": true,
            "hitVisible": true,
            "audio": {
                "@class": "BaseComponentAudioSource",
                "audioSourceId": {
                    "uuid": "12C0E022-7311-41AD-B17A-6B440B920205"
                }
            },
            "transform": {
                "@class": "BaseComponentTransformable",
                "localTransforms": {
                    "values": [
                        0.05758216232061386,
                        0.019349027425050737,
                        0.9981533288955689,
                        0.0,
                        0.09715759009122849,
                        0.9949576258659363,
                        -0.02489197812974453,
                        0.0,
                        -0.9936018586158752,
                        0.09841149300336838,
                        0.0554119311273098,
                        0.0,
                        0.0,
                        0.0,
                        0.0,
                        1.0
                    ]
                },
                "globalTransforms": {
                    "values": [
                        1.0000001192092896,
                        -0.000004431232810020447,
                        -6.258487701416016e-7,
                        0.0,
                        0.000004425644874572754,
                        1.0000001192092896,
                        -9.720679372549057e-8,
                        0.0,
                        6.332993507385254e-7,
                        8.905772119760513e-8,
                        1.0,
                        0.0,
                        -13.706480026245118,
                        -0.3233431875705719,
                        0.5957896709442139,
                        1.0
                    ]
                }
            },
            "metadata": {
                "importedIdentifier": "",
                "importedName": "",
                "isBone": false
            }
        }
    },
    {
        "@class": "BaseNode",
        "object3D": {
            "@class": "BaseObject3D",
            "id": {
                "uuid": "45B9C1B5-4284-42B9-AB61-8B43C5795151"
            },
            "name": "Plank_landing",
            "enabled": true,
            "visible": true,
            "hitVisible": true,
            "timeline": {
                "@class": "BaseComponentTimeline",
                "timelineId": {
                    "uuid": "84AAD913-EA5C-4776-981A-F694D86B6DE8"
                }
            },
            "transform": {
                "@class": "BaseComponentTransformable",
                "localTransforms": {
                    "values": [
                        0.8727855086326599,
                        -0.023496493697166444,
                        -0.48753821849823,
                        0.0,
                        0.04372284933924675,
                        0.9985886812210083,
                        0.030146077275276185,
                        0.0,
                        0.4861418306827545,
                        -0.04762761667370796,
                        0.8725813031196594,
                        0.0,
                        0.15432709455490113,
                        -0.11557672917842865,
                        1.1657161712646485,
                        1.0
                    ]
                },
                "globalTransforms": {
                    "values": [
                        -0.4368358850479126,
                        0.07355736196041107,
                        -0.8965288400650024,
                        0.0,
                        0.05193423479795456,
                        0.9970508813858032,
                        0.05649983137845993,
                        0.0,
                        0.8980411291122437,
                        -0.02187938801944256,
                        -0.43936774134635928,
                        0.0,
                        -12.536267280578614,
                        -0.45236527919769289,
                        0.49566972255706789,
                        1.0
                    ]
                }
            },
            "metadata": {
                "importedIdentifier": "",
                "importedName": "",
                "isBone": false
            }
        }
    },
    {
        "@class": "BaseNode",
        "object3D": {
            "@class": "BaseObject3D",
            "id": {
                "uuid": "4FA305E0-6192-4BAC-9543-90F1F747A388"
            },
            "name": "Plank_Br_1_2",
            "enabled": false,
            "visible": true,
            "hitVisible": true,
            "colliders": [
                {
                    "@class": "BaseComponentCollider",
                    "colliderId": {
                        "uuid": "9893C514-00B6-42DF-9C3C-CA9D0AB55A1C"
                    }
                }
            ],
            "geometry": {
                "@class": "BaseComponentGeometry",
                "meshId": {
                    "uuid": "D758845A-DDD5-4EDB-AA36-D4DA44DDA4D7"
                },
                "static": false,
                "shadowCast": true,
                "shadowReceive": true
            },
            "material": {
                "@class": "BaseComponentMaterial",
                "materialId": {
                    "uuid": "B7A4B25E-8AEF-4EEE-89CE-952721B7D38A"
                }
            },
            "rigidBody": {
                "@class": "BaseComponentPhysBody",
                "rigidBodyId": {
                    "uuid": "64A25E46-6280-4DC5-BD81-37A2E8D39A1B"
                },
                "isEnabled": true
            },
            "transform": {
                "@class": "BaseComponentTransformable",
                "localTransforms": {
                    "values": [
                        0.05758216232061386,
                        0.09715760499238968,
                        -0.99360191822052,
                        0.0,
                        0.01934901624917984,
                        0.994957685470581,
                        0.09841150790452957,
                        0.0,
                        0.9981533288955689,
                        -0.024891972541809083,
                        0.0554119348526001,
                        0.0,
                        9.672429084777832,
                        -0.20196788012981416,
                        -0.638004720211029,
                        1.0
                    ]
                },
                "globalTransforms": {
                    "values": [
                        0.05758216232061386,
                        0.09715760499238968,
                        -0.99360191822052,
                        0.0,
                        0.01934901624917984,
                        0.994957685470581,
                        0.09841150790452957,
                        0.0,
                        0.9981533288955689,
                        -0.024891972541809083,
                        0.0554119348526001,
                        0.0,
                        -13.67257022857666,
                        -0.20196788012981416,
                        -0.638004720211029,
                        1.0
                    ]
                }
            },
            "metadata": {
                "importedIdentifier": "Plank_Br_1_2",
                "importedName": "Plank_Br_1_2",
                "isBone": false
            }
        },
        "children": [
            "BC54AE22-EAA1-410B-8677-A98FF1EE52D4",
            "C2D767CD-3064-437A-9A9E-F84237B8A453"
        ]
    },
    {
        "@class": "BaseNode",
        "object3D": {
            "@class": "BaseObject3D",
            "id": {
                "uuid": "BC54AE22-EAA1-410B-8677-A98FF1EE52D4"
            },
            "name": "Speaker_1_2",
            "enabled": true,
            "visible": true,
            "hitVisible": true,
            "audio": {
                "@class": "BaseComponentAudioSource",
                "audioSourceId": {
                    "uuid": "BDD3EC02-4061-480E-9A2B-108955FF3FB5"
                }
            },
            "transform": {
                "@class": "BaseComponentTransformable",
                "localTransforms": {
                    "values": [
                        0.05758216232061386,
                        0.019349027425050737,
                        0.9981533288955689,
                        0.0,
                        0.09715759009122849,
                        0.9949576258659363,
                        -0.02489197812974453,
                        0.0,
                        -0.9936018586158752,
                        0.09841149300336838,
                        0.0554119311273098,
                        0.0,
                        0.0,
                        0.0,
                        0.0,
                        1.0
                    ]
                },
                "globalTransforms": {
                    "values": [
                        1.0000001192092896,
                        3.725290298461914e-9,
                        2.9802322387695315e-8,
                        0.0,
                        -1.4901161193847657e-8,
                        0.9999999403953552,
                        -1.6298145055770875e-9,
                        0.0,
                        2.9802322387695315e-8,
                        -1.6065314412117006e-8,
                        1.0,
                        0.0,
                        -13.67257022857666,
                        -0.20196788012981416,
                        -0.638004720211029,
                        1.0
                    ]
                }
            },
            "metadata": {
                "importedIdentifier": "",
                "importedName": "",
                "isBone": false
            }
        }
    },
    {
        "@class": "BaseNode",
        "object3D": {
            "@class": "BaseObject3D",
            "id": {
                "uuid": "C2D767CD-3064-437A-9A9E-F84237B8A453"
            },
            "name": "Plank_landing",
            "enabled": true,
            "visible": true,
            "hitVisible": true,
            "timeline": {
                "@class": "BaseComponentTimeline",
                "timelineId": {
                    "uuid": "2DA1E332-976B-45AB-9215-8C9560B343A0"
                }
            },
            "transform": {
                "@class": "BaseComponentTransformable",
                "localTransforms": {
                    "values": [
                        0.8727855086326599,
                        -0.023496493697166444,
                        -0.48753821849823,
                        0.0,
                        0.04372284933924675,
                        0.9985886812210083,
                        0.030146077275276185,
                        0.0,
                        0.4861418306827545,
                        -0.04762761667370796,
                        0.8725813031196594,
                        0.0,
                        -1.0853184461593629,
                        -0.11557658016681671,
                        1.2032575607299805,
                        1.0
                    ]
                },
                "globalTransforms": {
                    "values": [
                        -0.4368356466293335,
                        0.07355552166700363,
                        -0.8965290784835815,
                        0.0,
                        0.051929771900177,
                        0.9970510601997376,
                        0.05649996176362038,
                        0.0,
                        0.8980414867401123,
                        -0.021875357255339624,
                        -0.4393671452999115,
                        0.0,
                        -12.536266326904297,
                        -0.4523600935935974,
                        0.49567049741744997,
                        1.0
                    ]
                }
            },
            "metadata": {
                "importedIdentifier": "",
                "importedName": "",
                "isBone": false
            }
        }
    },
    {
        "@class": "BaseNode",
        "object3D": {
            "@class": "BaseObject3D",
            "id": {
                "uuid": "451BB2B3-EC6F-4829-AE06-42940F023802"
            },
            "name": "Plank_Br_2_2",
            "enabled": false,
            "visible": true,
            "hitVisible": true,
            "colliders": [
                {
                    "@class": "BaseComponentCollider",
                    "colliderId": {
                        "uuid": "679A76E8-C0A9-4092-8BF2-EA2BAFE3857D"
                    }
                }
            ],
            "geometry": {
                "@class": "BaseComponentGeometry",
                "meshId": {
                    "uuid": "5956A494-0D08-4A9E-8809-92BC212B301D"
                },
                "static": false,
                "shadowCast": true,
                "shadowReceive": true
            },
            "material": {
                "@class": "BaseComponentMaterial",
                "materialId": {
                    "uuid": "B7A4B25E-8AEF-4EEE-89CE-952721B7D38A"
                }
            },
            "rigidBody": {
                "@class": "BaseComponentPhysBody",
                "rigidBodyId": {
                    "uuid": "C10A93B4-05CD-4F56-AC76-D35338945B43"
                },
                "isEnabled": true
            },
            "transform": {
                "@class": "BaseComponentTransformable",
                "localTransforms": {
                    "values": [
                        0.30892929434776308,
                        0.08956947177648545,
                        -0.9468579292297363,
                        0.0,
                        0.023115292191505433,
                        0.9945544004440308,
                        0.10162317752838135,
                        0.0,
                        0.9508039951324463,
                        -0.0532812774181366,
                        0.30517658591270449,
                        0.0,
                        10.400771141052246,
                        -0.33393898606300356,
                        -0.24589712917804719,
                        1.0
                    ]
                },
                "globalTransforms": {
                    "values": [
                        0.30892929434776308,
                        0.08956947177648545,
                        -0.9468579292297363,
                        0.0,
                        0.023115292191505433,
                        0.9945544004440308,
                        0.10162317752838135,
                        0.0,
                        0.9508039951324463,
                        -0.0532812774181366,
                        0.30517658591270449,
                        0.0,
                        -12.944228172302246,
                        -0.33393898606300356,
                        -0.24589712917804719,
                        1.0
                    ]
                }
            },
            "metadata": {
                "importedIdentifier": "Plank_Br_2_2",
                "importedName": "Plank_Br_2_2",
                "isBone": false
            }
        },
        "children": [
            "459CAC75-9929-46BE-ABDC-E1AB92FA02E5",
            "F91BBE39-30E0-43DB-B066-7B3E5FA587F4"
        ]
    },
    {
        "@class": "BaseNode",
        "object3D": {
            "@class": "BaseObject3D",
            "id": {
                "uuid": "459CAC75-9929-46BE-ABDC-E1AB92FA02E5"
            },
            "name": "Speaker_2_2",
            "enabled": true,
            "visible": true,
            "hitVisible": true,
            "audio": {
                "@class": "BaseComponentAudioSource",
                "audioSourceId": {
                    "uuid": "28B1EF26-5F63-4EEB-83B0-C3A5B4B5B426"
                }
            },
            "transform": {
                "@class": "BaseComponentTransformable",
                "localTransforms": {
                    "values": [
                        0.3089292645454407,
                        0.02311529777944088,
                        0.9508044123649597,
                        0.0,
                        0.08956949412822724,
                        0.9945544004440308,
                        -0.0532812736928463,
                        0.0,
                        -0.9468582272529602,
                        0.10162318497896195,
                        0.3051765263080597,
                        0.0,
                        0.0,
                        5.960464477539063e-8,
                        0.0,
                        1.0
                    ]
                },
                "globalTransforms": {
                    "values": [
                        1.000000238418579,
                        -2.2351741790771486e-8,
                        1.7881393432617188e-7,
                        0.0,
                        1.1175870895385743e-8,
                        1.0,
                        -5.587935447692871e-9,
                        0.0,
                        -1.1920928955078126e-7,
                        -3.725290298461914e-9,
                        1.000000238418579,
                        0.0,
                        -12.944228172302246,
                        -0.33393892645835879,
                        -0.24589712917804719,
                        1.0
                    ]
                }
            },
            "metadata": {
                "importedIdentifier": "",
                "importedName": "",
                "isBone": false
            }
        }
    },
    {
        "@class": "BaseNode",
        "object3D": {
            "@class": "BaseObject3D",
            "id": {
                "uuid": "F91BBE39-30E0-43DB-B066-7B3E5FA587F4"
            },
            "name": "Plank_landing",
            "enabled": true,
            "visible": true,
            "hitVisible": true,
            "timeline": {
                "@class": "BaseComponentTimeline",
                "timelineId": {
                    "uuid": "A5724DA0-CB11-4758-BAD7-8326BC7FE722"
                }
            },
            "transform": {
                "@class": "BaseComponentTransformable",
                "localTransforms": {
                    "values": [
                        0.7205228805541992,
                        -0.0280507430434227,
                        -0.692863941192627,
                        0.0,
                        0.05185052752494812,
                        0.9985637068748474,
                        0.013493357226252556,
                        0.0,
                        0.6914903521537781,
                        -0.04564763605594635,
                        0.7209426164627075,
                        0.0,
                        -0.5867347717285156,
                        -0.032985635101795199,
                        0.6205120086669922,
                        1.0
                    ]
                },
                "globalTransforms": {
                    "values": [
                        -0.4368355870246887,
                        0.07355554401874542,
                        -0.8965292572975159,
                        0.0,
                        0.0519297756254673,
                        0.9970511794090271,
                        0.056499987840652469,
                        0.0,
                        0.8980416059494019,
                        -0.021875374019145967,
                        -0.4393671751022339,
                        0.0,
                        -12.536264419555664,
                        -0.4523601830005646,
                        0.49567097425460818,
                        1.0
                    ]
                }
            },
            "metadata": {
                "importedIdentifier": "",
                "importedName": "",
                "isBone": false
            }
        }
    },
    {
        "@class": "BaseNode",
        "object3D": {
            "@class": "BaseObject3D",
            "id": {
                "uuid": "60DF0FFA-58DB-450E-B046-E29EE7A592E7"
            },
            "name": "Plank_Br_2_1",
            "enabled": false,
            "visible": true,
            "hitVisible": true,
            "colliders": [
                {
                    "@class": "BaseComponentCollider",
                    "colliderId": {
                        "uuid": "D181C173-5AAB-4845-B83D-C960D316E9E3"
                    }
                }
            ],
            "geometry": {
                "@class": "BaseComponentGeometry",
                "meshId": {
                    "uuid": "EEE7BE51-797C-4F40-8D3A-308446039765"
                },
                "static": false,
                "shadowCast": true,
                "shadowReceive": true
            },
            "material": {
                "@class": "BaseComponentMaterial",
                "materialId": {
                    "uuid": "B7A4B25E-8AEF-4EEE-89CE-952721B7D38A"
                }
            },
            "rigidBody": {
                "@class": "BaseComponentPhysBody",
                "rigidBodyId": {
                    "uuid": "4064814F-B2D0-4A14-B8AD-67848D73BC0A"
                },
                "isEnabled": true
            },
            "transform": {
                "@class": "BaseComponentTransformable",
                "localTransforms": {
                    "values": [
                        0.3089295029640198,
                        0.08956946432590485,
                        -0.9468578696250916,
                        0.0,
                        0.023115281015634538,
                        0.9945544004440308,
                        0.10162316262722016,
                        0.0,
                        0.9508039355278015,
                        -0.0532812774181366,
                        0.3051767945289612,
                        0.0,
                        10.217103004455567,
                        -0.4020078182220459,
                        0.4620495140552521,
                        1.0
                    ]
                },
                "globalTransforms": {
                    "values": [
                        0.3089295029640198,
                        0.08956946432590485,
                        -0.9468578696250916,
                        0.0,
                        0.023115281015634538,
                        0.9945544004440308,
                        0.10162316262722016,
                        0.0,
                        0.9508039355278015,
                        -0.0532812774181366,
                        0.3051767945289612,
                        0.0,
                        -13.127896308898926,
                        -0.4020078182220459,
                        0.4620495140552521,
                        1.0
                    ]
                }
            },
            "metadata": {
                "importedIdentifier": "Plank_Br_2_1",
                "importedName": "Plank_Br_2_1",
                "isBone": false
            }
        },
        "children": [
            "E1DE4DEE-3BB6-47F7-99B4-DCA19173070B",
            "758400EB-7CBB-43B4-A59B-98C5F2440365"
        ]
    },
    {
        "@class": "BaseNode",
        "object3D": {
            "@class": "BaseObject3D",
            "id": {
                "uuid": "E1DE4DEE-3BB6-47F7-99B4-DCA19173070B"
            },
            "name": "Speaker_2_1",
            "enabled": true,
            "visible": true,
            "hitVisible": true,
            "audio": {
                "@class": "BaseComponentAudioSource",
                "audioSourceId": {
                    "uuid": "600F5E82-D5E0-495F-A335-845DD9D4EC4E"
                }
            },
            "transform": {
                "@class": "BaseComponentTransformable",
                "localTransforms": {
                    "values": [
                        0.30892935395240786,
                        0.023115286603569986,
                        0.9508041739463806,
                        0.0,
                        0.08956945687532425,
                        0.994554340839386,
                        -0.0532812662422657,
                        0.0,
                        -0.9468581080436707,
                        0.10162317007780075,
                        0.30517664551734927,
                        0.0,
                        0.0,
                        0.0,
                        0.0,
                        1.0
                    ]
                },
                "globalTransforms": {
                    "values": [
                        1.0000001192092896,
                        -1.4901161193847657e-8,
                        2.384185791015625e-7,
                        0.0,
                        1.4901161193847657e-8,
                        1.0,
                        7.450580596923828e-9,
                        0.0,
                        -2.086162567138672e-7,
                        -1.862645149230957e-9,
                        1.0000001192092896,
                        0.0,
                        -13.127896308898926,
                        -0.4020078182220459,
                        0.4620495140552521,
                        1.0
                    ]
                }
            },
            "metadata": {
                "importedIdentifier": "",
                "importedName": "",
                "isBone": false
            }
        }
    },
    {
        "@class": "BaseNode",
        "object3D": {
            "@class": "BaseObject3D",
            "id": {
                "uuid": "758400EB-7CBB-43B4-A59B-98C5F2440365"
            },
            "name": "Plank_landing",
            "enabled": true,
            "visible": true,
            "hitVisible": true,
            "timeline": {
                "@class": "BaseComponentTimeline",
                "timelineId": {
                    "uuid": "7CED1FBF-C5E7-4346-9966-4C3A5FFA6492"
                }
            },
            "transform": {
                "@class": "BaseComponentTransformable",
                "localTransforms": {
                    "values": [
                        0.7205228805541992,
                        -0.0280507430434227,
                        -0.692863941192627,
                        0.0,
                        0.05185052752494812,
                        0.9985637068748474,
                        0.013493355363607407,
                        0.0,
                        0.6914902925491333,
                        -0.04564763233065605,
                        0.720942497253418,
                        0.0,
                        0.14642739295959474,
                        -0.03298569470643997,
                        0.5754680633544922,
                        1.0
                    ]
                },
                "globalTransforms": {
                    "values": [
                        -0.4368354082107544,
                        0.07355552911758423,
                        -0.8965293169021606,
                        0.0,
                        0.051929771900177,
                        0.9970511794090271,
                        0.05649997666478157,
                        0.0,
                        0.8980416059494019,
                        -0.021875377744436265,
                        -0.4393669366836548,
                        0.0,
                        -12.53626537322998,
                        -0.4523601531982422,
                        0.49567097425460818,
                        1.0
                    ]
                }
            },
            "metadata": {
                "importedIdentifier": "",
                "importedName": "",
                "isBone": false
            }
        }
    },
    {
        "@class": "BaseNode",
        "object3D": {
            "@class": "BaseObject3D",
            "id": {
                "uuid": "2E3996CD-3879-4388-8608-3F5270AFD907"
            },
            "name": "Plank_Br_3_2",
            "enabled": false,
            "visible": true,
            "hitVisible": true,
            "colliders": [
                {
                    "@class": "BaseComponentCollider",
                    "colliderId": {
                        "uuid": "274FE730-BAA8-4C17-AB86-0347553EE5BB"
                    }
                }
            ],
            "geometry": {
                "@class": "BaseComponentGeometry",
                "meshId": {
                    "uuid": "C56AB2A8-BD45-4FF8-B2C6-2781D74E2407"
                },
                "static": false,
                "shadowCast": true,
                "shadowReceive": true
            },
            "material": {
                "@class": "BaseComponentMaterial",
                "materialId": {
                    "uuid": "B7A4B25E-8AEF-4EEE-89CE-952721B7D38A"
                }
            },
            "rigidBody": {
                "@class": "BaseComponentPhysBody",
                "rigidBodyId": {
                    "uuid": "81C9E2C5-04B5-4D56-A1A0-FAA8044C579F"
                },
                "isEnabled": true
            },
            "transform": {
                "@class": "BaseComponentTransformable",
                "localTransforms": {
                    "values": [
                        -0.4368354082107544,
                        0.07355552911758423,
                        -0.8965293169021606,
                        0.0,
                        0.051929768174886706,
                        0.9970511794090271,
                        0.05649998039007187,
                        0.0,
                        0.8980414271354675,
                        -0.021875372156500818,
                        -0.4393669068813324,
                        0.0,
                        10.487981796264649,
                        -0.3997063636779785,
                        -0.13870200514793397,
                        1.0
                    ]
                },
                "globalTransforms": {
                    "values": [
                        -0.4368354082107544,
                        0.07355552911758423,
                        -0.8965293169021606,
                        0.0,
                        0.051929768174886706,
                        0.9970511794090271,
                        0.05649998039007187,
                        0.0,
                        0.8980414271354675,
                        -0.021875372156500818,
                        -0.4393669068813324,
                        0.0,
                        -12.857017517089844,
                        -0.3997063636779785,
                        -0.13870200514793397,
                        1.0
                    ]
                }
            },
            "metadata": {
                "importedIdentifier": "Plank_Br_3_2",
                "importedName": "Plank_Br_3_2",
                "isBone": false
            }
        },
        "children": [
            "FC5D2441-5ACF-473C-B25A-02E5A3366773",
            "7F6D2E1C-3931-4263-B858-4D8FCD5E53C9"
        ]
    },
    {
        "@class": "BaseNode",
        "object3D": {
            "@class": "BaseObject3D",
            "id": {
                "uuid": "FC5D2441-5ACF-473C-B25A-02E5A3366773"
            },
            "name": "Speaker_3_2",
            "enabled": true,
            "visible": true,
            "hitVisible": true,
            "audio": {
                "@class": "BaseComponentAudioSource",
                "audioSourceId": {
                    "uuid": "6CA34285-7D31-4DC9-84F2-F574CC978377"
                }
            },
            "transform": {
                "@class": "BaseComponentTransformable",
                "localTransforms": {
                    "values": [
                        -0.43683549761772158,
                        0.051929768174886706,
                        0.8980411887168884,
                        0.0,
                        0.07355549186468125,
                        0.9970511198043823,
                        -0.021875372156500818,
                        0.0,
                        -0.8965290188789368,
                        0.05649993196129799,
                        -0.4393670856952667,
                        0.0,
                        0.0,
                        0.0,
                        0.0,
                        1.0
                    ]
                },
                "globalTransforms": {
                    "values": [
                        1.0000001192092896,
                        -1.30385160446167e-8,
                        2.980232238769531e-7,
                        0.0,
                        0.0,
                        0.9999999403953552,
                        2.7939677238464357e-8,
                        0.0,
                        -1.7881393432617188e-7,
                        -2.3283064365386964e-8,
                        1.0000001192092896,
                        0.0,
                        -12.857017517089844,
                        -0.3997063636779785,
                        -0.13870200514793397,
                        1.0
                    ]
                }
            },
            "metadata": {
                "importedIdentifier": "",
                "importedName": "",
                "isBone": false
            }
        }
    },
    {
        "@class": "BaseNode",
        "object3D": {
            "@class": "BaseObject3D",
            "id": {
                "uuid": "7F6D2E1C-3931-4263-B858-4D8FCD5E53C9"
            },
            "name": "Plank_landing",
            "enabled": true,
            "visible": true,
            "hitVisible": true,
            "timeline": {
                "@class": "BaseComponentTimeline",
                "timelineId": {
                    "uuid": "2DE845F3-1EDA-4B68-9034-B1B4C063098B"
                }
            },
            "transform": {
                "@class": "BaseComponentTransformable",
                "localTransforms": {
                    "values": [
                        1.0,
